0.081150754626 0.531418836868
-0.0148432898753 1.07265271438
-0.093588403965 1.61691134822
-0.193799872096 2.15769399623
-0.41233944177 2.65108397287
-0.716549386991 3.10816619445
-0.995851262956 3.572633499
-1.27047947359 4.01116889958
-1.13965636147 4.49498629934
-0.709953507418 4.1662832161
-0.374206402518 3.73578566777
-0.0274910672693 3.31925874375
0.307883292049 2.90382002885
0.687471440085 2.53068404967
1.19914767619 2.34197149536
1.74771843246 2.30565606267
2.2970544485 2.27867639064
2.84682464148 2.26316181872
3.39640060292 2.24270378081
3.94587723672 2.21919483394
3.42062576373 2.10813073557
2.87432971372 2.15911315371
2.32497699481 2.18577010389
1.77816626564 2.24167550234
1.23637086626 2.33586264553
0.708882062458 2.4824168944
0.315590337993 2.85407853302
0.180089003134 3.38293406482
0.17629500048 3.9326895509
0.193547768804 4.48241709223
0.238177837464 5.02996316633
0.265112870754 5.57727070021
0.228297172903 6.12594089101
0.219132449046 6.67585115053
0.226596347847 7.22567643894
0.249737442477 7.77513876707
0.319774088782 8.30022686769
0.475372359302 7.78249309291
0.458082090606 7.23335936505
0.592062003054 6.70361315481
0.937450013355 6.29519788512
1.44624682406 6.09484666378
1.98921736302 6.00777357693
2.52424143218 5.92144653392
3.06733743777 5.83493092629
3.59881835034 5.72943442085
4.11386542136 5.53933940237
4.55444873044 5.23871623336
4.9909376132 4.90409723155
5.40067122044 4.54954456038
5.82098831919 4.19497839482
6.24346914321 3.85548663799
6.67445412557 3.51381369576
7.10366327549 3.16992185195
7.53424600978 2.82776194525
7.93495251132 2.50098795571
7.77389744461 3.01254043515
7.31240586855 3.30401745446
6.85628648216 3.61129645059
6.39942429536 3.91742591929
5.94630279204 4.22915803881
5.50628330303 4.55895036353
5.07612369356 4.88865732855
4.61157387367 5.18196779918
4.10129515375 5.38186603718
3.56860067803 5.51454067242
3.08400552357 5.75672249915
2.57270961076 5.95846152553
2.03910870069 6.0895409275
1.49542289701 6.1715876198
0.996432176143 6.39103632238
0.686946891485 6.83800376552
0.49842847187 7.35442828475
0.399822716879 7.89496045445
0.349390938921 8.44260318541
0.303466092196 8.99066355324
0.231068246221 9.53585406281
0.150024064298 10.0797956134
0.0479044324643 10.6202257506
-0.0789915748392 11.1552315774
-0.25219588489 11.67695491
-0.458445294996 12.186721788
-0.336873461923 11.6957155193
-0.229871973824 11.1564557304
-0.186104603305 10.6085040852
-0.188792337858 10.0585455042
-0.194953579477 9.5085858378
-0.20490243688 8.95874153074
-0.247122110592 8.41043279352
-0.314478330889 7.86460701682
-0.359323973895 7.31647226458
-0.409937738962 6.76883133178
-0.46997848637 6.22212570505
-0.549741137797 5.67801929032
-0.646495933138 5.13691628411
-0.772746679793 4.60982654944
-0.912506802647 4.08635169076
-1.14588033748 3.59914366128
-1.52857971048 3.21816604456
-1.98383371637 2.9102934542
-2.46365969697 2.64152143552
-2.93417471388 2.37254862335
-3.40621460569 2.09028389551
-3.87750232377 1.82269774497
-4.35783710727 1.55484717691
-4.80563976428 1.31347353691
-4.65374926161 1.79070393308
-4.60089318451 2.33810318501
-4.51007430017 2.88041600486
-4.40514738143 3.42031062209
-4.31067979009 3.96210829439
-4.21300130976 4.50332494251
-4.10229487615 5.04206020844
-3.99613896113 5.5735578995
-3.83361552957 6.09809249265
-3.55789411236 6.56267064181
-3.17546378484 6.94521512331
-2.71492714961 7.24517470496
-2.34729898832 7.64169582973
-1.9180025636 7.97085582323
-1.47812744472 8.28742154859
-1.04126763114 8.61492116238
-0.618367680283 8.94478947201
-0.276868255791 9.37190613174
-0.0826916656358 9.88514203564
0.0574134228448 10.4003787766
0.21272127434 10.9279239947
0.306039996739 11.4692450846
0.324342388324 12.0187849972
0.364967445552 12.5664255083
0.597420277752 13.057648607
1.04979491309 13.3541392466
1.57862349126 13.4856859396
2.12626066347 13.5361846443
2.67136062224 13.609169363
2.13415080298 13.5141078316
2.63888804743 13.3236288885
3.18498226577 13.2811580147
3.61797120756 12.9730448949
3.84577719365 12.4749651457
3.9834706084 11.9426635771
4.11357561353 11.4573976886
4.22740536197 10.9674658144
3.97017444524 10.4830220973
3.58203237436 10.1124578185
3.08146460568 9.88528115659
2.57258001787 9.67663091086
2.0557147778 9.48937824845
1.53424866823 9.31467380377
1.02205805803 9.13740609874
0.51326163544 8.95076851507
0.00399317916701 8.7430985764
-0.502996553847 8.55173799581
-1.02509933609 8.40719902828
-1.57172305324 8.36726397311
-2.11836336096 8.42638397679
-2.63496698617 8.58466525277
-3.11477587043 8.83615077098
-3.58066526704 9.12810211771
-4.01729375148 9.44899789962
-4.48209927151 9.72772467099
-4.03136938375 9.47417748454
-3.58683617434 9.15032873054
-3.13083416794 8.84324328935
-2.65045071704 8.59342960377
-2.1158066689 8.47268106486
-1.56635341533 8.45461909414
-1.03523268609 8.50359805387
-0.508830387427 8.63208838914
0.0136645473233 8.80183693967
0.510570968123 9.01820088615
0.998754284392 9.23428707459
1.506448982 9.4238813166
2.01692763345 9.62685471922
2.55525472754 9.73762145512
3.08787110597 9.83590584986
3.62847033196 9.93500508318
4.14670138035 10.0583391886
4.64529940657 10.287885003
5.14200387265 10.503712945
5.67474449703 10.6359578954
6.22268732457 10.6300161587
6.73736426294 10.4422318562
7.22054486401 10.1967481076
7.71304369195 9.97046832837
8.20862669601 10.0368741327
8.27355208996 10.5821014998
8.33912446351 11.1280989809
8.43621669352 11.669299977
8.56973020323 12.1846217744
8.74071228097 12.6902844337
