-0.279168674966 0.439529603614
-0.777914062761 0.670284811053
-1.23798802313 0.956771052928
-1.6961601342 1.26101452096
-2.15404977565 1.56569436549
-2.60306042224 1.88330221651
-3.00801893796 2.19737009577
-2.58608348686 2.50980258411
-2.14064786826 2.82546714177
-1.69331750528 3.12434200554
-1.27940274306 3.46633026576
-0.946922694122 3.90284909635
-0.704040017926 4.38683082756
-0.495688887447 4.89583340482
-0.280800066882 5.37571805784
0.193166960375 5.59735838475
0.743103298674 5.59152046735
1.29295908358 5.57894644219
1.83740492376 5.64603341205
2.38054804915 5.73107906453
2.93026293389 5.73344767895
3.47661986243 5.7861444098
3.03402696498 6.01904048528
2.4847016339 6.04550577337
1.93476876427 6.05398015118
1.38731002739 6.09708394278
0.905531254382 6.31400344919
0.580766822468 6.72944492383
0.468077034081 7.26504676904
0.465260266191 7.81482865609
0.525033366345 8.36131955986
0.663225922608 8.88469595851
0.887821909503 9.38615227281
1.14008332748 9.8476925712
0.776891285015 9.48653914261
0.328484669733 9.18225574346
-0.115913560201 8.85820783918
-0.563881586053 8.53911271158
-1.021253976 8.24854024971
-1.50564032776 7.98817809315
-1.97544582695 7.70233088053
-2.44034715923 7.40850274314
-2.9024039512 7.11024661111
-3.31507528797 6.7905473129
-3.55660477522 6.30296476161
-3.57304851814 5.77453566773
-3.79102310464 6.24887516407
-3.87788654539 6.79046768441
-3.91526815792 7.33919159836
-3.95969618833 7.8873894017
-4.009787313 8.43509849461
-4.06741678647 8.98202612001
-4.14104002706 9.52297329281
-4.22869975378 10.0537513995
-4.32934135469 10.5944549626
-4.45045988155 11.1144562651
-4.06477565216 11.4729746244
-3.56452406916 11.7014953402
-3.0592597794 11.9187670601
-2.55123619765 12.1281940748
-2.01096169799 12.2298683362
-1.4828395233 12.3515173801
-0.973053988015 12.5335556446
-0.493485263242 12.8023122713
-0.0443865935144 13.1196225975
0.391600808837 13.4414820277
0.606630966449 12.9892473013
0.424544234878 12.4719351305
0.372007458908 11.924850783
0.347895864729 11.3754153673
0.376852720591 10.8348711954
0.61066865619 10.34537166
1.07528572364 10.080625664
1.61939464853 10.0080902995
2.1690995884 9.99466745165
2.71859063005 10.015229663
3.2594549539 10.1096836222
3.73475804883 10.3622622413
4.09383244637 10.7657729072
4.53745846257 11.024563222
5.06305789439 10.8931745982
5.58738568676 10.7284744187
6.08734130933 10.5195956313
6.61350689246 10.4921871645
6.89660571838 10.9620237489
7.20151936636 11.4094536823
7.51228966357 11.863195389
7.83345541555 12.3095796394
8.15832790568 12.7533666082
7.71684805217 12.5067013849
7.24177456418 12.2297342538
6.76656774357 11.952835188
6.28987290208 11.6788436493
5.80015921437 11.4289143845
5.31864280165 11.1631998634
4.846077234 10.8978721511
4.39282982315 10.6155897028
3.91896950888 10.3446466585
3.43630589496 10.1071482274
2.93081726453 9.89049563926
2.41617403141 9.69670498303
1.91186310129 9.50041339361
1.43595888834 9.24108622221
0.976419610524 8.95594597041
0.650984907637 8.5159198889
0.492085443808 7.99233593796
0.459041660805 7.45166525337
0.517988933856 6.91604005511
0.780469008743 6.45646480103
1.234202411 6.15391177156
1.76104527934 5.99911719597
2.30310430215 5.90608103015
2.84171602297 5.79495110433
3.38228414728 5.69405603119
3.90224460782 5.54207001745
4.40091507871 5.33091618061
4.87621411555 5.05439444234
5.33327423386 4.74857121854
5.78173427791 4.44425889971
6.25336007406 4.16208721395
6.72864904248 3.91869527238
7.17550890471 3.67988118875
