0.511086112102 0.172559483247
0.963441458589 0.470954829903
1.44726236666 0.732448603199
1.91895439812 0.999212792867
2.38543363235 1.29055344219
2.83554919961 1.6063994346
3.25449185778 1.91618441704
2.75924469337 2.08064129088
2.2145734499 2.14993492819
1.69426588179 2.26997282095
1.16130105921 2.40426926687
0.647600735045 2.60052441317
0.240960403974 2.94772383415
0.0651218861403 3.46400493473
0.00634557954558 4.00273920838
-0.0643909258323 4.54748516484
-0.457102639441 4.17710779123
-0.85704953265 3.79963288211
-1.26098641288 3.42677909537
-1.69034440136 3.09829513111
-2.09951910543 2.73244846367
-2.59267992843 2.51507297135
-3.12448035809 2.37477714808
-3.65449801109 2.22831266608
-4.1398144993 2.08234404576
-3.62635662877 2.2603025687
-3.14448109703 2.50834816755
-2.64985583314 2.74871211927
-2.15856636169 2.97760985138
-1.66485102617 3.21963552722
-1.27569511385 3.57921643195
-1.04400052623 4.07113747484
-0.90167533378 4.59823053892
-0.734898585741 5.1222717121
-0.588593432491 5.65242837097
-0.423709708979 6.17711628055
-0.242150628944 6.67924914967
-0.0387003100592 7.1902106157
0.16934203454 7.69933157974
0.391099186105 8.19387082075
0.62161350089 8.67510329993
0.943660497906 9.09458092338
0.505942263166 8.831587401
-0.0338324350724 8.75032011176
-0.563151711176 8.6170019756
-1.09847923576 8.49220419608
-1.63620708498 8.42552718476
-2.18555871153 8.41461919261
-2.71577333655 8.5500097118
-3.19594099128 8.81722048456
-3.6082317805 9.10454910713
-3.11736662882 8.90804469029
-2.6483420505 8.65623417167
-2.1166540804 8.51912306282
-1.56837582814 8.4883812136
-1.01862680688 8.48283238021
-0.483156231247 8.59857806268
0.005299606167 8.81395385533
0.501998832593 9.03024862296
0.992113283766 9.26122913356
1.48021966743 9.47771567597
1.97640826856 9.69554176809
2.50006904954 9.86201679133
3.03251268727 9.9628620994
3.55991932817 10.1147549648
4.03933868534 10.3829899853
4.48528579932 10.7048193088
4.8912309133 11.0148583097
4.58110674371 10.5874263204
4.09169902025 10.374379329
3.58241648707 10.1669755437
3.04705725565 10.0446716073
2.49879084302 10.0032090025
1.94893829926 9.99118483538
1.41510055547 9.99765221632
0.884894336575 10.092961472
0.430700932724 10.3955235095
0.0951003365241 10.8302595984
-0.200529683133 11.2939761997
-0.594634740648 11.6703427618
-1.1126922599 11.8441478142
-1.65248654469 11.9485824449
-2.18558707195 12.0422829957
-2.73109704448 12.1122539483
-3.26684578747 12.1923635698
-3.75340063629 12.4232540398
-4.11972880299 12.8186839757
-4.34947945441 13.3074082132
-4.04948567 12.9025360533
-3.67946207357 12.504026256
-3.16143662093 12.3318540807
-2.61506565507 12.2693571371
-2.07927884762 12.1879552803
-1.54105355098 12.0749765062
-1.01682179926 11.937823184
-0.533826220319 11.6968158166
-0.158133890966 11.2982128493
0.134522985544 10.832668245
0.425893550101 10.3762145618
0.861345371635 10.053597523
1.40306973922 9.97308824743
1.95302017227 9.97086821837
2.50259789511 9.95086489303
3.05130959885 9.98376420692
3.59542294214 10.0635672253
4.11867742919 10.2035967669
4.63852421005 10.3569051611
5.15120834299 10.4743208647
5.69482560668 10.5566023707
6.24180195972 10.541841599
6.75357335394 10.3461649313
7.19480928484 10.0209084112
7.49805084495 9.57383628453
7.72925025667 9.1103060294
7.69801717011 9.64077678392
7.34751563012 10.0415816551
6.93377864702 10.4037879798
6.50173308593 10.744126904
6.07858899705 11.0828151809
5.65758472134 11.4304685787
5.24057449012 11.7678500209
4.82242760243 12.1126880352
4.40185999753 12.4545723486
3.98278228759 12.7982787467
3.51691707974 13.0882700987
2.99206105146 13.2445822128
2.49151257069 13.2749668915
1.96029392679 13.3640973238
1.42277139142 13.4749467269
0.876386578043 13.4369084537
0.420368096432 13.2016089218
0.264632890486 12.6903224478
0.237430196889 12.1410858707
0.210227149694 11.5917647566
0.210992606486 11.041912222
0.176939056422 10.4929925048
0.149402026477 9.94372241002
0.137536737025 9.39385291006
0.113995758749 8.84441196669
0.090559606695 8.29495881925
0.0724872118475 7.74529195957
0.0761998334936 7.19531043339
0.0849643335779 6.6454039453
0.0973074078948 6.09554891243
0.111964031966 5.54580876375
0.152475140998 4.99739857644
0.212796603109 4.45077373014
0.256230980186 3.90277280415
0.285812498607 3.35375657651
0.465316773638 2.83842280362
0.842202551235 2.4564906435
1.36625467001 2.30461911679
1.91567026156 2.28398528889
2.46473804471 2.31363326589
3.01342875074 2.35032173753
3.55979672736 2.41311249297
4.08132745191 2.5236385588
4.54189053142 2.81509175918
4.89633383509 3.23491880054
5.22427768415 3.66644568254
5.55185689767 4.0880843982
5.97043626092 4.429522418
6.24641363804 4.87287894907
6.07318916401 5.39264274864
