0.463508813421 0.201926919958
0.949741458895 0.458974958734
1.43432308024 0.719059688816
1.9073697017 0.999584884811
2.37029517092 1.27366887461
2.84717472248 1.54765623514
3.31018778788 1.82868694381
2.87178773976 2.07971614621
2.32610073697 2.142888969
1.78261811397 2.2271852879
1.2409308099 2.31947940605
0.747134992232 2.53676531317
0.395268675914 2.94368689905
0.293945522846 3.47263023498
0.261636811782 4.01753934004
0.158374832386 4.54125634971
-0.208461433322 4.18633305674
-0.663544635778 3.87774790314
-1.09612233789 3.53819189826
-1.58739135979 3.30134891659
-2.07710995687 3.19994400865
-2.5677583285 3.09825287307
-3.09080955451 2.9567202161
-2.59118393937 2.920550309
-2.06308662919 3.0699810235
-1.54428145379 3.24360977899
-1.16593830396 3.63294881566
-0.985675624077 4.15034081618
-0.952866635444 4.69851782779
-0.958799691127 5.24848541365
-0.974106162216 5.79805359978
-1.13934035356 6.30980253763
-1.51104525151 6.71057684361
-1.95350490992 7.02346037377
-2.36981315258 7.35722137373
-1.83576299982 7.2529574386
-1.34282514306 7.02775013327
-0.833449177049 6.83130220507
-0.318059889915 6.63945194352
0.205423631969 6.47075071398
0.723157468736 6.31046201985
1.24658784728 6.17944979536
1.74395018687 6.1194266162
2.27561276344 6.03711536936
2.81447056333 5.92721166052
3.34196569471 5.80370704979
3.86212828305 5.62552149256
3.33029649514 5.56647697363
2.82399371921 5.75939731734
2.31291684852 5.93896357778
1.79387206548 6.12081838464
1.26720266949 6.20648774599
0.755108730441 6.20825533208
0.352804509992 6.52380867948
0.1697030879 7.03786264232
0.145843625435 7.5868261617
0.308769559147 8.10578457847
0.563204094911 8.58430028959
0.909161453948 8.99314009411
1.34410417221 9.30114611065
1.7825818758 9.54333773476
1.41088561837 9.2069553492
0.872137117234 9.09701558608
0.340374024051 8.95804521485
-0.172519294494 8.75985983019
-0.692427451974 8.58084717201
-1.21383168664 8.44934369081
-1.75918377852 8.3811864594
-2.30339614095 8.39479960529
-2.79205301009 8.61371465203
-3.0770450847 9.07573915911
-3.19120422429 9.61325793803
-3.29108005328 10.1459435636
-3.40285608667 10.6762397799
-3.53064976215 11.2111616519
-3.67598538862 11.7416073894
-3.34517171925 12.135257736
-2.79560524354 12.1142152856
-2.27149112115 12.1096333365
-1.72264319853 12.1370850181
-1.19467864159 12.019152575
-0.684543495361 11.8159224962
-0.263877315282 11.4665866115
0.043402014515 11.0165784439
0.304226457074 10.556260712
0.689033859928 10.1703198622
1.20720680434 9.99925314011
1.75510517731 9.953143443
2.30509019466 9.95371914659
2.85452154921 9.97535037091
3.39185258212 10.0653447329
3.89069139908 10.2923524249
4.35356795027 10.5893337748
4.82059255962 10.8795978197
5.27401203289 11.1908936728
4.84445059926 10.8774945137
4.35193171833 10.9667950216
4.27312222404 11.510012074
4.1127976116 12.0360622336
3.96200174917 12.564836691
3.67105881155 13.0246265703
3.17623549053 13.2428225181
2.65420749322 13.3365231593
2.13715509016 13.4568936317
2.66495287585 13.4383360642
3.19368056933 13.2873785787
3.69027077945 13.0713098133
4.11736535457 12.7401398634
4.50842202682 12.353429044
4.89995784817 11.9673998816
5.30173170936 11.6156466816
5.7155866716 11.2656825342
6.1315105002 10.9058318101
6.55471195539 10.5545766215
6.97270353151 10.2095508311
7.35626843894 9.82923281232
7.56104161501 9.33566412113
7.53485127638 9.83736459532
7.07278118285 10.1345839644
6.60305334597 10.3849094197
6.11124919008 10.5535039538
5.56462931991 10.5970306107
5.02503324338 10.5180649136
4.54000146627 10.2911582918
4.03129323025 10.0872921048
3.50832254535 9.91736071829
2.98847300653 9.75047324759
2.47319708612 9.58243638016
1.95034174613 9.41186409714
1.45207790359 9.23125884202
0.962769704677 8.99269915518
0.569145946175 8.62240503893
0.416972794441 8.09851047432
0.374894237437 7.55016492935
0.391782286887 7.0019232691
0.622742442751 6.50805392761
1.04093371682 6.15710369346
1.56032316651 6.0073311201
2.08314414287 5.92232874259
2.6263441888 5.83674827774
3.17239026009 5.77699982155
3.71105836029 5.72091203622
4.24025481784 5.57348831913
4.77288382453 5.44357984219
5.27285352564 5.23357675461
5.78677711956 5.03895532496
6.29013424255 4.82133164778
6.75617576535 4.53715006839
7.25169126853 4.29882894865
7.71050667514 4.06038055626
8.21518713077 3.91506048932
