0.507709449682 0.169822603753
0.954519045862 0.454595304844
1.43923865455 0.714421370089
1.91393639571 0.992158356628
2.4039718185 1.24098873903
2.88430888195 1.5082542295
3.35523614226 1.79232141389
2.84289369236 1.86082200521
2.31749670339 2.02343604234
1.79649081414 2.19935924419
1.26290054329 2.33247588025
0.757927833691 2.52392685
0.405871854195 2.93669318103
0.248816975022 3.45379934302
0.143703061901 3.99364483931
0.0270452428237 4.53110034719
-0.445345938783 4.33372849059
-0.787397747524 3.92367945956
-1.16410884129 3.52400639944
-1.60510970105 3.21033535915
-2.09427941237 2.97752212404
-2.58716247987 2.75208542551
-3.09553421085 2.54249457213
-3.61772595947 2.36986549751
-4.10625493185 2.25134575945
-3.60675147734 2.38528920587
-3.11457919944 2.6121804028
-2.60971890618 2.83038921806
-2.10130765954 3.04015682253
-1.61590676542 3.2792007439
-1.24377469912 3.67733269576
-1.03399960258 4.17551920458
-0.896757791022 4.70809536112
-0.76637004638 5.24233222891
-0.616799437046 5.76325216855
-0.464422441792 6.29171797642
-0.288699736175 6.81268322686
-0.0922253630574 7.32636073384
0.0906468459517 7.83655610192
0.291510214125 8.33133085277
0.511619848538 8.83524315077
-0.010374743386 8.79420699595
-0.538854278292 8.64202650026
-1.06799376277 8.5252718329
-1.61372143308 8.46010978637
-2.15460414964 8.43047792878
-2.69419005731 8.526795389
-3.18188937384 8.76132506796
-3.62223317788 9.04580328637
-3.11557177078 8.87509785514
-2.65041674245 8.59872795785
-2.11575346497 8.47967474441
-1.56627213615 8.46547875052
-1.01969141179 8.52291517482
-0.487875145623 8.66042306521
0.00843068701322 8.87745834781
0.506230499024 9.09179538141
1.00366790302 9.30693451741
1.50767630441 9.50627984774
2.02158111367 9.70197002993
2.55000276313 9.8102324512
3.09531788327 9.87853346289
3.62664983813 10.0178683906
4.10900392362 10.2630476676
4.55853320935 10.5792538552
4.09154044041 10.368573346
3.58182702747 10.1626735561
3.04801417963 10.0318506254
2.50111312439 9.97675632844
1.95146611522 9.95769481232
1.4016370561 9.96243223728
0.880737496713 10.0956261057
0.472850792439 10.4523966569
0.193363586818 10.9116638788
-0.0999492159636 11.3572541542
-0.509647374861 11.7062615356
-1.02968386066 11.882567371
-1.54237253367 12.081171414
-2.07277031099 12.2189545006
-2.62119918019 12.2561707762
-3.17033269396 12.2796201516
-3.68513596103 12.440638594
-4.13170377336 12.7591369985
-4.51024314809 13.1467835643
-4.05086651385 12.8528183444
-3.65296560649 12.5191714663
-3.12893041541 12.3637592314
-2.57973149353 12.3445571245
-2.02997612028 12.3327030494
-1.48107558145 12.3554441429
-0.953426722601 12.4742412856
-0.450472965357 12.6959519693
0.0354789076575 12.9533760407
0.503221729342 13.2108980163
0.998917613481 13.4287594701
1.54165346931 13.5016087526
2.09154378348 13.4922787796
2.64114279951 13.4986319502
3.18823357297 13.4424551636
3.73733717 13.4120899636
4.28724199318 13.4168636819
4.83706645249 13.4030080667
5.38704459339 13.3993615928
5.93700334113 13.4025567549
6.485133532 13.4471724845
7.03496275975 13.4529972084
7.58492933118 13.4520874543
8.094731357 13.5015208931
8.20354020099 12.9799304798
8.20648066364 12.4303055867
8.22359663665 11.8805858618
8.24640025238 11.3390790908
8.27381625037 10.7897850303
8.32862271737 10.2425706282
8.4091039589 9.69866229884
7.88612313133 9.80661702303
7.39241752356 10.0299404142
6.90199204646 10.2606415722
6.41380540593 10.4769159186
5.88285904757 10.6146504235
5.33581201146 10.5971918788
4.80279297334 10.4616818746
4.28790453931 10.2717050497
3.77755789818 10.067153027
3.28067805589 9.85092206796
2.77123808388 9.66649304621
2.25456055819 9.50278433564
1.73357186053 9.33944820119
1.23252240277 9.1455253493
0.833186708959 8.78817116594
0.669368540362 8.26870201133
0.694312917331 7.72042937023
0.731683976313 7.17183106983
0.882662352653 6.65506197953
1.27556708295 6.2809460878
1.78161251896 6.06596359494
2.29651677747 5.87338346932
2.83221818135 5.74954387197
3.37019018445 5.63565651756
3.89033872889 5.48383695111
4.37792428538 5.27011122848
4.8693851515 5.08163182368
5.40053725923 5.11334275074
5.94580261941 5.1370595614
6.43812215007 5.23383285353
6.86279905972 5.50108002388
7.33389220814 5.75344193344
7.87539085681 5.69412332319
7.37756172687 5.61320689102
6.8327289927 5.54293034956
6.29156331883 5.51301175581
5.77302698137 5.62564169378
5.40083677084 6.01539328997
5.12585450336 5.55420724936
4.58603628748 5.53174929932
4.0546560606 5.67329258809
3.51998375061 5.75852056998
2.97029168928 5.76221481496
2.42971104311 5.72394516731
1.94569459672 5.52354623409
