-0.284744394421 0.445812074505
-0.773913447059 0.67908009063
-1.24787088135 0.941936973727
-1.72020310783 1.22336414613
-2.17276278569 1.53573427024
-2.60147307375 1.87979369026
-2.98310599327 2.22289110494
-2.6205309342 2.57372597929
-2.14166236048 2.84419290644
-1.65975716959 3.1092424806
-1.21520572755 3.41807911174
-0.837112987853 3.80554210216
-0.48827645674 4.22035889147
-0.129677091542 4.63208758898
0.204073454465 5.02486225669
0.38251382354 4.53651552755
0.304284211865 3.99214567987
0.261942961641 3.44416304959
0.376901385749 2.9266603209
0.746470612252 2.53117432502
1.26549116854 2.35639845265
1.81135821357 2.2904416712
2.35730164649 2.2247929711
2.89523670536 2.15975082917
3.4362130303 2.08912030326
2.93601559627 2.21000566
2.38653844326 2.23195787106
1.83732542328 2.25826564116
1.29592722558 2.34844737153
0.801138478119 2.58198595757
0.459413753014 2.99143707548
0.250638798827 3.49550111933
0.00792188708447 3.98397209136
-0.315874813717 4.41552212088
-0.560639280441 4.90803143639
-0.810208155869 5.39814567175
-1.07732036109 5.87423126784
-1.34031012345 6.34952603167
-1.79437831218 6.6477456869
-2.31342483068 6.80329459028
-2.82690936339 6.97665662765
-3.21006444762 7.30146690211
-2.736770398 7.50198881858
-2.23234234093 7.72037024994
-1.74011847528 7.92717964364
-1.24426342841 8.1648963954
-0.759813847456 8.42526711974
-0.277009631164 8.68845696951
0.193339243083 8.97349934556
0.654050825513 9.25898521983
1.08009832561 9.53314527885
0.773190733333 9.13645656463
0.258722515915 8.95388751279
-0.244188294644 8.76280662894
-0.756146046855 8.5851817002
-1.29164845199 8.46348970449
-1.84042939101 8.43579079848
-2.38550754646 8.49488107525
-2.85511393877 8.76853419301
-3.15615628014 9.2264523864
-3.37308004742 9.72304679207
-3.5839444423 10.2309966856
-3.82322605919 10.7259430622
-4.09232134037 11.1964072289
-4.33062944997 11.6430262706
-3.82101160789 11.7669507304
-3.27130276665 11.7490692693
-2.72161067267 11.7444459693
-2.17651085905 11.8169689049
-1.62926425771 11.8681362095
-1.08033516764 11.8423899273
-0.560715263395 11.6728534108
-0.149855797888 11.3236272371
0.173332023644 10.8840897888
0.480282220506 10.4329257269
0.918357572524 10.1106647071
1.45508481498 10.0006192451
2.00405377335 9.96917965327
2.55384778172 9.98192414331
3.10058344484 10.038426741
3.61907361917 10.2147784961
4.0558329597 10.539853909
4.43362011367 10.9337675137
4.0920919842 10.5307904348
3.75260844876 10.9095391107
3.87483566236 11.4456460281
3.92776687318 11.9922021571
3.88404679506 12.5313131342
3.65508086464 13.0221542578
3.2421061585 13.375246627
2.77866704906 13.6638596838
3.27202205035 13.4520065611
3.72364587432 13.1381187265
4.1558071406 12.8110809989
4.58602456718 12.4685216447
5.01682476733 12.1397212076
5.45148112786 11.8027765191
5.89334342108 11.4752945166
6.33758213274 11.1511602828
6.78873131268 10.8365768195
7.24029990284 10.522599189
7.68673638493 10.2014216313
8.14134413956 9.89186924233
8.58715510304 9.56984491205
8.11058074186 9.81785046053
7.62130764372 10.0317736354
7.13266571487 10.2471165139
6.62006503359 10.4459697991
6.09922461079 10.5941880106
5.55208513162 10.6141674794
5.03172740876 10.46643597
4.52163709487 10.2607788192
4.03588914608 10.039285575
3.51902010767 9.87747581917
3.00345106507 9.71075369697
2.47536610459 9.55797641101
1.94261202904 9.42159502445
1.42069242682 9.27556229613
0.926613162111 9.0563121793
0.598486907702 8.64731386841
0.491279011603 8.1103805614
0.458146962036 7.56142491854
0.480405474901 7.01312193745
0.688804245193 6.51466921592
1.12943430352 6.20505236266
1.66948399789 6.11298913717
2.21482003779 6.04760967334
2.75462872505 5.94243870512
3.29041394029 5.81843212424
3.81793195915 5.69456769282
4.33332700325 5.52694331762
4.85892305659 5.44740300719
5.38100986676 5.39996872673
5.83338467628 5.08787226557
6.30350986296 4.80288999967
6.81213183789 4.59522816148
7.32862211093 4.40673582271
7.8116700584 4.18348659806
8.21521610673 3.84807630311
