-0.000322230030246 0.541012717813
-0.238565756915 1.01686631349
-0.455565203117 1.5222227209
-0.702033653921 2.01379901889
-0.956412669355 2.50142621321
-1.21313487127 2.94676382106
-0.913916077231 3.36035162092
-0.554023471044 3.76545573379
-0.191491093744 4.17894573612
0.144279506741 4.60433609671
0.507309317802 4.99540107047
0.945821119626 5.32638737938
1.43212273606 5.56431479259
1.09173642182 5.93324659088
0.744884012893 6.34948687286
0.43641820539 6.80456978824
0.154893833635 7.26769737498
-0.112063868077 7.69782295279
-0.634410621576 7.56133276281
-1.17583249509 7.65759925067
-1.72512540375 7.66427273295
-2.27488105853 7.67118661777
-2.77243996801 7.75378651888
-2.34250522195 8.03970150214
-1.83366567882 8.24763511355
-1.30379174052 8.39462915349
-0.783834281284 8.56967991333
-0.365306147186 8.91855062533
-0.153626417545 9.42186633875
-0.098072785999 9.9682530158
-0.101178567584 10.5180946118
-0.146998207514 11.058075304
-0.214139900825 11.6038961321
-0.311132124273 12.1223585333
-0.829421607579 12.1880523086
-1.37748095401 12.2326001031
-1.91941478546 12.2295647656
-2.46876736756 12.2551502019
-3.01777513069 12.2880956307
-3.56727976157 12.3112644395
-4.07303992863 12.3323565145
-4.09635177222 11.8122193742
-4.14044172767 11.2646123716
-4.1615876013 10.7150408023
-4.17780476125 10.1653167532
-4.18342636646 9.61537437762
-4.19105441591 9.06544839248
-4.19170656701 8.52346144744
-4.17050408485 7.97401981945
-4.13017090933 7.42552701105
-4.06883402539 6.88702068853
-3.98209585096 6.34394468035
-3.89847803987 5.80038368293
-3.74679896128 5.27272918221
-3.71444882977 5.81957413338
-3.63323281223 6.34671749502
-3.24559827718 6.71016412261
-2.71089286201 6.82449477123
-2.16110833564 6.82061185565
-1.61204237324 6.78919899487
-1.11102537991 6.83064809432
-0.589763837468 6.9010721908
-0.0442865302785 6.83153792169
0.504068551055 6.78953180639
1.01335991061 6.63641912173
1.39999201248 6.24580185142
1.88756092352 6.00362080775
2.42787789607 5.9019880995
2.96730188015 5.79484563629
3.49742835374 5.64979638105
4.00829919783 5.46925354512
4.45771160252 5.17142411197
4.84908441576 4.85058186549
5.38004115242 4.70717854554
5.90556791562 4.5746019262
6.04740609684 4.06105998769
5.78025440322 3.5814799065
5.56498858787 3.07547530794
5.34803644593 2.58767530391
5.12312440422 2.10342430085
5.05130041501 2.64006513928
5.03025459161 3.18951243828
5.02455188367 3.7394461043
4.99055803411 4.28829807574
4.85831056487 4.81120549327
4.53331184749 5.24913968269
4.06003892174 5.5097968858
3.55648795398 5.70944269147
3.02163302366 5.83409319252
2.48192493771 5.93923917785
1.94576729515 6.06181355646
1.42525392481 6.21009295892
0.971384934657 6.51185795747
0.748114466628 7.00726157465
0.709560449502 7.5552546434
0.708498817208 8.10500588479
0.84426688405 8.62634329888
1.15762961107 9.07224233634
1.63332070423 9.34114352035
2.1401275696 9.53307242045
2.64744325232 9.72382517552
3.1648110761 9.91029690273
3.68563864559 10.0601508071
3.14789700483 9.9611698644
2.59820750968 9.97815810537
2.0691309262 10.0094276908
2.58877714419 10.1468977651
3.13498919496 10.0894358015
3.65349665038 10.2497914686
3.97792586651 10.6827565528
4.06272491297 11.2238900173
4.0611141475 11.7738608464
4.01695474011 12.3217802747
3.93504768005 12.865540757
3.82672305243 13.4045969485
4.32878636721 13.5852766574
4.875935026 13.5295367385
5.42074195369 13.4546790739
5.96300277072 13.3632820879
6.5015236046 13.2515990221
7.03483377761 13.1177895917
7.51154964859 12.8946516369
7.94309483059 12.5546762373
8.32471562323 12.173730924
8.67293606593 11.7589770405
