-0.0282931753784 0.537155555646
-0.258840153931 1.03640248946
-0.488185023121 1.53619775241
-0.724512725533 2.03278760911
-0.963770625145 2.52794203266
-1.20912985816 2.97862391369
-0.927863452139 3.4134370967
-0.679225846286 3.90388747256
-0.396289702172 4.37547368655
-0.108651380472 4.84425824903
0.186010226973 5.30859132297
0.494479378595 5.71769051477
0.40842976897 6.22543494345
0.135355216118 6.70267736227
-0.142238487794 7.1774331425
-0.408154419299 7.62098741545
-0.00520604690055 7.30650680026
0.308516362976 6.86950929473
0.667995880297 6.4538788386
1.11292606062 6.15194039057
1.65092470468 6.04531232111
2.19820312893 5.9907143233
2.73139916086 5.89502081901
3.2674945663 5.77243869506
3.78872854674 5.61085759001
4.30305213133 5.42760472931
4.80475934227 5.24475526285
5.27651356962 5.03188623476
5.65125019173 4.64118227986
6.01835738436 4.24492625554
6.41763448454 3.90840727268
6.18258424425 3.4364656372
5.70015373151 3.18956013809
5.20853329517 2.94301404664
4.75750476384 2.70307064264
4.21483701006 2.70516576226
3.70312419968 2.51552982525
3.1625175284 2.42035387475
2.61295467538 2.39967109877
2.06317279738 2.3850687584
1.5137805145 2.38551129675
0.983400599907 2.52095339705
0.565416906826 2.86913855576
0.273844762975 3.32048799954
0.0775601318787 3.81076874643
-0.117120618977 4.31658262132
-0.327831252655 4.81582767317
-0.56122135576 5.30499751283
-0.797749889076 5.80144666953
-1.08477828298 6.2697285436
-1.49042734125 6.63612668911
-2.00485082586 6.8261610542
-2.54553508153 6.92409354119
-3.08432584378 6.9063440742
-3.54178135761 6.62160576161
-3.70634552487 7.1436582357
-3.71303704487 7.69357602539
-3.74192530439 8.24279523057
-3.79882593019 8.78979187198
-3.84451734794 9.33788212049
-3.89107556096 9.84154715215
-4.02379010601 10.3623220176
-4.11512756717 10.8902096749
-4.2256745529 11.4289420836
-4.3516489082 11.9643176158
-4.4914033965 12.4962261938
-4.63794076226 13.0180012814
-4.80797170925 13.5403116404
-4.40204492123 13.1753012114
-4.04857638294 12.7650631771
-3.60066083524 12.46567316
-3.06760825681 12.3375214539
-2.52646507239 12.3114945505
-1.97692672356 12.2898360619
-1.4304124775 12.3391442669
-0.935045751429 12.5668171567
-0.57796974044 12.9514508966
-0.122279689222 13.1610562804
0.412795995782 13.2882914226
0.950957782929 13.4013332644
1.49356438286 13.4907957495
2.03618933329 13.5801546739
2.54601548423 13.6821094675
3.04675820003 13.7449153135
3.59670454046 13.7397360781
4.11597998517 13.7183009108
4.64350506092 13.6678229704
5.14701657253 13.6440155611
5.03385458956 13.1199472601
4.70876197727 12.6763449264
4.4069812661 12.2261434185
4.65385190963 11.7652439978
5.14645991798 11.5206897713
5.65150024051 11.3034271289
6.17235927031 11.1268624969
6.69574773841 10.9578869892
7.22292760103 10.801400505
7.71036240926 10.6647649341
8.07600594651 10.2646610107
