-0.300756829267 0.409683349442
-0.783850636015 0.655201369277
-1.25386565064 0.940698456339
-1.72462791829 1.22503683059
-2.18999341454 1.50245730905
-2.63603337921 1.8242100685
-3.03177503362 2.13005940616
-2.65426618655 2.52306395002
-2.20047715782 2.83311881736
-1.75214368321 3.15155443102
-1.32353260296 3.4821850019
-0.987947020768 3.90552602062
-0.757969765854 4.40378479309
-0.5521504404 4.9136878031
-0.318569428583 5.39200196043
-0.0395938097461 4.93283744301
0.0911444668703 4.40290859941
0.215600629067 3.86725419204
0.304809455516 3.32489364571
0.532712392775 2.82821406011
0.939293314661 2.48952872971
1.46737142691 2.34604736676
2.0150150297 2.2966973378
2.55048270208 2.21451205541
3.08210649196 2.10906212465
3.61272238722 1.99869999997
4.13860039372 1.867607453
4.48736236245 2.23885500269
4.69619729902 2.72800769696
4.86775290778 3.24901009847
4.93709636181 3.79415402209
4.92752589924 4.34396231472
4.94513723433 4.84712519736
4.82968844347 5.34142155688
4.31880087025 5.53500742327
3.78006740004 5.62278928302
3.25639360963 5.77428450038
2.72931250929 5.9305636374
2.18850022337 6.02987467892
1.64516506562 6.11295496777
1.09769218599 6.16133966142
0.559136256855 6.27120423036
0.0120044169083 6.32684043087
-0.523650406451 6.43132778809
-1.05400979481 6.56092123488
-1.58377763732 6.70869145769
-2.12985856514 6.73756471284
-2.66489840212 6.63241361234
-3.15760036902 6.4397595317
-3.29449089373 6.93262826031
-3.47365635633 7.4414547347
-3.63098395708 7.9598851996
-3.79117759565 8.48602811831
-3.96173927091 9.00048221236
-4.15165521949 9.50798337378
-4.36195166571 10.016160142
-4.5664287487 10.4842203948
-4.18712143793 10.1549349077
-3.83359512742 9.73378274091
-3.45653306498 9.3335105539
-3.09576463688 8.94200289283
-2.67777886505 8.60690111964
-2.16023164823 8.44262256853
-1.61128293662 8.41995564978
-1.06323754998 8.45495205871
-0.531370642751 8.59326475353
-0.0107832768254 8.77036261347
0.49236418204 8.97186034456
1.0004348137 9.18236324709
1.49373623259 9.37589788792
1.36537742801 9.8630973119
0.859956962671 10.0795039837
0.432034306397 10.4195919754
0.127169783103 10.8760602261
-0.150161293725 11.3319477687
-0.545237644573 11.6746161626
-1.05958012427 11.7589642704
-0.663948937661 12.0841055591
-0.255533139999 12.4400475581
0.161850165571 12.785807742
0.592011931854 13.1282973934
1.04681126624 13.4072407695
1.56364804464 13.5351454114
2.11121180843 13.5857523055
2.65679505238 13.655199902
3.20586711042 13.6733297974
3.75538365143 13.6853751277
4.27155013313 13.6501471363
4.62668106271 13.2427595741
4.99991665807 12.8398433851
5.38530023298 12.4474993373
5.76640327802 12.0509512492
6.15619490633 11.726479797
6.61506804572 11.4849529739
7.05579835854 11.1559668955
7.50146385473 10.8336735814
7.92552170992 10.5483819281
8.18057023913 10.090168933
8.42784763597 9.61742588055
