-0.00455771198087 0.527404831008
-0.238202467697 1.00746072722
-0.476202839854 1.50327440506
-0.722149087694 1.99520999649
-0.988302369205 2.47628181566
-1.24835923133 2.92694572556
-0.941590790153 3.37896351182
-0.594095492631 3.80524567429
-0.233536695297 4.2205688528
0.116125097899 4.63467953788
0.493448279118 5.03464873917
0.908819170152 5.36920610748
1.35623524334 5.66792126072
1.19985601232 6.15689413967
0.665405848108 6.28624364711
0.144776598261 6.45727595945
-0.352022663527 6.69213785676
-0.867193358608 6.88439272941
-1.39593480695 7.00129884851
-1.93722217588 7.09866127901
-2.45454917319 7.25781413868
-2.75819591794 7.66953361767
-3.00076907618 8.16139600611
-3.23598657748 8.6496003438
-3.47324619698 9.14577036612
-3.72049920225 9.63705529021
-3.97476313013 10.1047989915
-3.61763151245 9.71289231459
-3.29851078392 9.26987394065
-2.94893460124 8.85137548262
-2.49078414365 8.56123679097
-1.95428806732 8.44701424671
-1.40499988286 8.43206805979
-0.857555237666 8.48322811839
-0.341990751867 8.64584214997
0.162303901213 8.86532615834
0.665870877522 9.08644497545
1.17585310934 9.28107714605
1.68379803193 9.45837188715
1.53093785774 9.95903361149
0.993125603752 10.073193797
0.53513883069 10.3510460053
0.206254869846 10.7903678126
-0.0761819008012 11.2435597382
-0.433198914197 11.6513074187
-0.926766106986 11.8286267868
-0.474621983102 11.6067780557
-0.0891505151056 11.2184995489
0.198411013777 10.7594532419
0.525092268105 10.3199490348
1.00352501105 10.0591116558
1.54691359537 9.98139823757
2.09652587574 9.97042246121
2.63847296446 9.97675876375
3.1839770993 10.0415452071
3.69555017808 10.2261674708
4.14697007774 10.5326629011
4.58158917303 10.8564967336
5.01386317329 11.1833713958
5.43001427628 11.514513133
5.27203376163 11.9975811674
4.81201766598 12.284163201
4.35689678576 12.5929112556
3.90898034394 12.9120218885
3.4276624316 13.1759335417
2.94628944252 13.3333939634
2.44445978554 13.2880909329
1.90689372241 13.3973309235
1.3635140118 13.4713532214
0.841498305373 13.3449945356
0.403935049744 13.0129716582
0.122149329755 12.5467547393
0.0537126830397 12.0036319138
0.177580696994 11.4692536233
0.170107161987 10.9196441265
0.188103071464 10.3699584508
0.192626965263 9.82011114152
0.201885836214 9.2703651035
0.231660098331 8.72117370827
0.266581402005 8.17231485176
0.331788254323 7.62625726548
0.414403604183 7.0826084229
0.601212140374 6.56831702306
1.02468162002 6.22974428019
1.55766862546 6.09776978612
2.0927031784 6.01259667673
2.62867384294 5.93245398841
3.1669338276 5.81964697057
3.69346650406 5.6610758456
4.22276188599 5.5117857102
4.74532328408 5.34067388459
5.25678983459 5.1613926336
5.77460361894 4.97622206408
6.20983470211 4.66333905941
6.43047945136 4.1683318795
6.68548854548 3.6994454949
7.12258766649 3.39204307622
7.64668526868 3.23085407743
8.13016325014 2.98631592672
