-0.329587936125 0.388254447139
-0.818887915614 0.638264007452
-1.29259413299 0.917683339159
-1.74123159157 1.22168279521
-2.1844025936 1.54738494438
-2.61498101037 1.87657043246
-3.01764693415 2.20235655874
-2.6201380854 2.52671379982
-2.14523474483 2.8040970479
-1.6772299651 3.09292985964
-1.22881004122 3.41081231698
-0.824820265657 3.78333889205
-0.460450771522 4.1845703301
-0.103914118698 4.5799516495
0.231532153184 4.9560099615
0.426322668051 4.48993115115
0.357026168069 3.94436185699
0.329970037364 3.39541228747
0.474969378953 2.87017602789
0.862142387242 2.49530127941
1.38223587177 2.33928178356
1.93113827852 2.31244331425
2.481116925 2.30791598157
3.03107943096 2.30149398527
3.58085030899 2.29265549626
3.03959946374 2.31749794829
2.49080139311 2.28169000383
1.94092029958 2.27427669173
1.39408439985 2.3240731698
0.887522026505 2.52977010591
0.525966229842 2.93799954799
0.30390218301 3.44007175581
0.126388769634 3.95204885981
-0.0894332915746 4.44888837644
-0.339174763056 4.93888875152
-0.587691156957 5.42949865254
-0.846679419665 5.90556152246
-1.14993294587 6.35372323525
-1.57994536216 6.64539296144
-2.05046803201 6.91380284985
-2.58021922915 7.01929597086
-3.06565035592 7.20289489374
-2.61735991251 7.4787127337
-2.13257950222 7.73848616648
-1.64569168906 7.99425383505
-1.16464307125 8.26086439649
-0.684487846223 8.52902535243
-0.237746977287 8.84831337764
0.170368330491 9.20495966505
0.578628337792 9.54666017105
0.239346391522 9.17070429641
-0.19580820182 8.8476512373
-0.655316644716 8.54569771618
-1.13209198055 8.27156328989
-1.61400226274 8.00651476357
-2.09260155621 7.73551654677
-2.56531334286 7.45443399264
-3.03651125392 7.17860604603
-3.46850545298 6.87498284107
-3.75624987577 6.43057699695
-3.8165131085 5.89816103891
-3.53000008384 5.45600575238
-3.99854560071 5.6832753877
-3.99252682591 6.23256541934
-4.03355611248 6.78089992473
-4.06308328049 7.33008434423
-4.09019171039 7.87937561764
-4.11982372029 8.42855162649
-4.15250460309 8.97757491825
-4.18539102075 9.52650682597
-4.20976353315 10.0758750744
-4.25409866122 10.6240679486
-4.30158010087 11.1719922577
-4.3735314635 11.6780212007
-3.84744984504 11.8379512097
-3.36131157444 12.0759598924
-2.84241322833 12.2260789052
-2.29505773257 12.2782497823
-1.74627935919 12.3148044961
-1.20715463001 12.4150264172
-0.733534746863 12.6888053196
-0.342541133628 13.0748706714
0.0254742881741 13.4727625377
0.425239708285 13.8503280773
0.662095158256 13.4069474884
0.464938882994 12.9026850033
0.371799670914 12.3620311212
0.354797913719 11.8123420961
0.356098133093 11.2623573659
0.412763472878 10.7163794891
0.6919391384 10.2529295472
1.1881868483 10.0292695225
1.73528819792 9.97602713252
2.28519728318 9.96803891136
2.83458643219 9.99224931342
3.37223766923 10.0571196263
3.88042257176 10.2609602861
4.32828287372 10.5793522772
4.73631435165 10.9137226042
4.40754605908 10.4999895849
3.91607317152 10.271507564
3.41954739005 10.0543575508
2.91997757945 9.8442895267
2.42395088054 9.62595115251
1.91001217738 9.43008821777
1.39686862593 9.23227577914
0.949181136951 8.95917974196
0.826590140614 8.47078752907
0.902867294066 7.92616889922
0.60889311595 7.51679843231
0.544771697134 6.984194785
0.803101147501 6.51285748405
1.26649926466 6.22799294929
1.80704866531 6.13338994517
2.35331461432 6.07119400412
2.88369242651 5.93239736697
3.39562588886 5.75462551783
3.91479267955 5.58558132787
4.42591712644 5.44600791578
4.9264061181 5.45095190291
5.45853150722 5.42247028446
5.94341917907 5.16310795166
6.45402232281 4.95941163056
6.97337842267 4.77861459781
7.47992205445 4.63692474754
6.99428067297 4.8201361618
6.44842363193 4.88631758553
5.92023034103 5.00585374244
5.41695406746 5.18418073703
4.89552688919 5.3458533449
4.36467360339 5.47303745701
3.82675490897 5.58655268363
3.31454116412 5.75120787841
2.81395324338 5.95415622208
2.27727180833 6.07327575657
1.73449333929 6.13161614416
1.21963022432 6.27168956232
0.828208297564 6.63546536386
0.669327980331 7.15794081817
0.657765600289 7.70734728425
0.704502159203 8.25498729369
0.901608609811 8.76454798339
1.29202062441 9.14593139135
1.77195107221 9.39644734662
2.25732044599 9.61902573339
2.747088185 9.83161157372
3.2624333907 10.0235822862
3.76867689987 10.237864756
4.24327751155 10.5152002909
4.69494561634 10.8147777406
5.15493954441 11.116234173
5.61848604356 11.4122162059
6.07523776496 11.7039250188
6.53802406045 12.001044944
6.99417757842 12.3082903265
7.46645706208 12.5722139197
7.93853430555 12.8358950934
8.36001211452 13.1253083346
