-0.0531663544563 0.521130712673
-0.291753672978 0.997984152185
-0.499900898787 1.49838264168
-0.718611899322 2.00301682512
-0.96257821103 2.49582134433
-1.20730502155 2.93228791323
-0.945506178832 3.40517909648
-0.645860955928 3.86152880247
-0.323765841536 4.3073410438
-0.00983378952856 4.75892890659
0.313425756817 5.20383653025
0.631279849683 5.61868448039
0.538474626781 6.15456329239
0.23297784313 6.61171127285
-0.0583958441692 7.07816102545
-0.34873307787 7.53583302981
-0.271775575896 8.07109139928
-0.175254626143 8.61247494174
-0.040860953874 9.14577517086
0.108211881726 9.66683062231
0.301234591345 10.1726036692
0.798854093194 10.3041454124
1.29087185669 10.0688944369
1.83048928668 9.97663951628
2.38017400494 9.99372298977
2.91810847183 9.99607248723
3.43862511707 10.0775553844
3.9388096689 10.2942124355
3.49704060444 10.0513076923
2.94732653706 10.0438976831
2.39743675207 10.0470560476
1.84845518813 10.0138142719
1.30009308233 9.97660038693
0.786024247282 10.1037824983
0.371383396221 10.4593190559
0.0505502124241 10.9058444674
-0.258101547333 11.3610246251
-0.664513475447 11.7137576263
-1.1703711968 11.9054062216
-1.71028411175 12.0095905324
-1.2825544174 12.3108661357
-0.775947804502 12.5030190268
-0.284639866147 12.7499387525
0.199924315036 13.0100770998
0.676846115436 13.2502819482
0.270813735522 12.9451839092
-0.215117196551 12.7248079121
-0.714356404187 12.4940878692
-1.20987972272 12.2847315009
-1.71951979048 12.088890942
-2.23325671855 11.9165345836
-2.737886728 11.7024191457
-3.09814583621 11.2966528272
-3.21952674499 10.7796940463
-3.15973683163 10.2379979317
-3.39637400202 9.74317285063
-3.57494561191 9.22328073604
-3.74793353333 8.70122850946
-3.92396458017 8.19710544344
-4.10144241312 7.67656131853
-4.30053161834 7.17249978468
-4.52364740129 6.66987857703
-4.7383321192 6.21081307676
-4.677012976 5.68302309194
-4.54771610825 5.14847728386
-4.39418935435 4.63295847797
-4.20303163318 4.12156243722
-3.99273624598 3.61335956935
-3.72880955425 3.14262391498
-3.27150595315 2.84693112331
-2.73474214922 2.73305504421
-2.18862270567 2.66854082061
-1.64727920684 2.57164851835
-1.11448939471 2.47232375354
-0.582866014432 2.45814316121
-0.0430482116489 2.41140027917
0.504320690228 2.35902998284
1.04786298833 2.2751093763
1.59518579719 2.22253141086
2.14396515624 2.18746754625
2.68712375878 2.1025408733
3.21905516453 1.99865224649
3.75757551913 1.88697599599
3.27281588937 2.06221934287
3.81018065152 2.166446474
4.311610871 2.39201243627
4.80716904908 2.6279551285
5.13810341896 3.0393169196
5.18519023341 3.58690606976
5.27479051172 4.12134055913
5.40046014815 4.65255856954
5.73608512661 5.04417667653
6.28597436126 5.03771343688
6.83585613705 5.02703999987
7.38331543953 5.07077929602
7.88571395138 5.17525567936
7.35441898497 5.10311738882
6.8139708058 5.20512038035
6.26704437997 5.25020850055
5.71751896805 5.26765434626
5.18094463693 5.34195093264
4.63349906598 5.3916251621
4.0937455253 5.43784852126
3.55724435011 5.55167954439
3.06917084152 5.78350748606
2.52588062244 5.86413430875
1.9887478846 5.9821248553
1.46370901876 6.14578560885
0.976264917989 6.39430040566
0.649293961097 6.82879453638
0.549617943302 7.36673679092
0.554923267437 7.91660850039
0.604224845949 8.46301144997
0.868467703625 8.93873783326
1.31378531717 9.24352318912
1.80451678535 9.46368363688
2.29492935944 9.66465361776
2.81046978235 9.85555730645
3.34154296352 9.99819583644
3.8563504428 10.1893865771
4.33103220994 10.4665072219
4.81118417804 10.7176583163
5.2937743928 10.9814794025
5.76444836165 11.2502059372
6.24705979188 11.5139186873
6.72888475415 11.7791208881
7.19993498484 12.0471943985
7.66441758148 12.326326247
8.13516778625 12.5883857194
8.37581101116 13.0800223202
8.58830223644 13.5401542086
