-0.318236807929 0.431625128054
-0.803521976909 0.690383031029
-1.27673656474 0.970605213164
-1.74211560895 1.26344450331
-2.17952117687 1.56969993678
-2.62056361755 1.88464901304
-3.03416130284 2.20239861648
-2.6186096493 2.52656313698
-2.15555864695 2.82328189494
-1.68718384211 3.10383395206
-1.252863758 3.43195516855
-0.932309505653 3.87241396974
-0.684824820159 4.34088970114
-0.451609628306 4.83006945001
-0.233300158364 5.31735101057
0.131401971672 4.92864231635
0.212319688805 4.38463406369
0.271049963334 3.83814622153
0.305891446481 3.29353098848
0.488403444705 2.7924272586
0.893810785634 2.4271242984
1.39890867443 2.21690979111
1.94505326966 2.1592346669
2.49501527983 2.16104974516
3.04487764716 2.17200110248
3.59485258478 2.1752694382
3.05754203812 2.23266136987
2.50766246379 2.2411653908
1.9579439128 2.25560539811
1.42078705668 2.32403662758
0.912209663146 2.52739553146
0.42973021685 2.76375300015
-0.0384985963661 3.01821683618
-0.301807852785 3.48829401494
-0.463041905583 4.01364419493
-0.444923021921 4.55391563998
-0.593453902961 5.07367659483
-0.762841792876 5.59693335556
-0.960928434176 6.10110671968
-1.26000017196 6.55090510023
-1.67940488166 6.90444692355
-2.1470864593 7.16138324309
-2.61930071856 7.42726836589
-3.0708839424 7.7339302921
-2.64414893019 8.06506581607
-2.10004560908 8.14435615568
-1.55368225057 8.20738462382
-1.03510538543 8.35644598204
-0.529613518218 8.55183359219
-0.0249953775772 8.7264765771
0.485361693557 8.90892686763
0.997216794311 9.08713728233
0.501790554839 8.89100324074
-0.0315573859979 8.76024921351
-0.556817524582 8.59716808303
-1.08210586074 8.46532552436
-1.62834919071 8.40394957823
-2.17771464853 8.40483855358
-2.69580532577 8.57470232814
-3.08193703067 8.96088186214
-3.34124190866 9.43634351229
-3.58386776634 9.9299289759
-3.83893280368 10.4171225067
-4.10108767453 10.9006112806
-4.35742926411 11.3870658171
-4.61760086246 11.8715332147
-4.18409073159 12.180409104
-3.63494961993 12.1519008337
-3.08591868936 12.1194976192
-2.53717611326 12.0824718999
-1.98833515296 12.0474439857
-1.43997591206 12.0050636471
-0.899763363822 11.9081026043
-0.429760975063 11.6470138548
-0.08475226681 11.2307599589
0.213802603086 10.768901967
0.543363169347 10.3303399722
1.01429572602 10.0563663668
1.55775806178 9.98101985038
2.1071987615 9.95650046227
2.65678253209 9.93945265202
3.19294136826 10.0092496106
3.67757676636 10.2445045628
4.05012837574 10.6461837109
4.34451670215 11.1011599545
4.14727871366 11.6052100717
4.05578250232 12.1472363052
3.89801451875 12.6732518889
3.58191367911 13.1184055848
3.15459551358 13.4376409253
2.70553805834 13.7190775101
3.16192672184 13.4910828033
3.60613644334 13.1667988135
4.02868166561 12.8276425855
4.44252251941 12.4653967704
4.85587506922 12.1025991426
5.27634816044 11.760636917
5.68997802196 11.4229342516
6.11962880994 11.0795733964
6.55426636639 10.742601789
6.98347651656 10.3987844942
7.41105551943 10.0529024285
7.83659913465 9.70446980022
8.23618955158 9.39322542032
7.85893527404 9.73118041133
7.37499737768 9.97517867233
6.8806933237 10.2163323019
6.39576829044 10.4392402411
5.86093782305 10.5623569833
5.32184550552 10.6070688873
4.7958020688 10.4817043645
4.26708918388 10.3303087682
3.74777472302 10.1494035842
3.24834080977 9.96042247915
2.73817132488 9.75494438708
2.22182193188 9.56580873181
1.69969463055 9.39304901585
1.18942652993 9.18889506036
0.785739634081 8.87236277282
0.804106027465 8.35366529949
0.840122034429 7.81602972859
0.83287782571 7.26610403321
0.82419050376 6.71682889051
0.540498698353 6.25335014527
0.403163418186 5.72395080197
0.314330127754 5.18130168659
0.229976637013 4.63801186386
0.231372251314 4.08898207096
0.240863409144 3.53909042521
0.246607358466 4.04460010044
0.366571225942 4.58054616975
0.681250462506 5.02320675137
1.15451594798 5.26142509731
1.69953442928 5.3195568681
2.24925708579 5.30483600349
2.79042051365 5.33400399096
3.33970002873 5.36159366502
3.88950815869 5.35898531956
4.43422599446 5.29036228733
4.98237639645 5.26204872969
5.53142381499 5.23104006201
6.0336530153 5.19698249213
6.55780918759 5.2172527412
7.0311564285 4.95452217617
7.47789906237 4.6338726367
7.9099950948 4.29395333708
8.31611679741 3.99653452258
8.586103165 3.52553986667
8.83859387441 3.0630005322
