-0.322360923619 0.425550413962
-0.810980160024 0.677737454161
-1.28397942066 0.958305484651
-1.73907889385 1.25183908283
-2.18929798946 1.56763683319
-2.62587210904 1.88881978879
-3.03173877136 2.21060061143
-2.62833951603 2.53160786715
-2.15454513213 2.81090508768
-1.68537674581 3.08227007424
-1.23808071264 3.38739336507
-0.830166751417 3.75595530916
-0.478082602146 4.14446124849
-0.124754584505 4.55332808754
0.212229859396 4.92626573473
0.422789345822 4.4561709026
0.351322979939 3.91087024135
0.316834063604 3.36232248356
0.454973500935 2.8358444354
0.818718566432 2.43036426058
1.33195937382 2.24503959064
1.88058696732 2.21602932636
2.42918934883 2.19195220601
2.97672423133 2.14431959798
3.52670567574 2.14396768441
2.98376053158 2.21938879006
2.43450492741 2.23788771059
1.88474754261 2.2466999109
1.34369644849 2.31489838117
0.826717773069 2.48872733083
0.325439336629 2.70663195397
-0.00508720610435 3.13011199041
-0.200775489489 3.64390435978
-0.37671328213 4.15653133608
-0.498802297098 4.6915106229
-0.620150942813 5.21958326599
-0.782672513083 5.74494331592
-0.999528601021 6.24962024368
-1.40128763305 6.61515440993
-1.885106731 6.85908956419
-2.39851303238 7.01643706879
-2.89063898284 7.22633001129
-2.62304665852 7.66963674569
-2.1337254355 7.90270976857
-1.64818317786 8.16076871322
-1.1648011363 8.39633782974
-0.665111721234 8.61631513159
-0.19387777953 8.89817594012
0.225054312229 9.24190087084
0.649077604311 9.57942820426
0.261526222452 9.21366318557
-0.188896393829 8.89808527742
-0.663040404869 8.62175012525
-1.19336145355 8.48237716041
-1.74138436614 8.44205322363
-2.28913068825 8.48019946641
-2.78548905518 8.68651882156
-3.10588719391 9.11558047295
-3.22424996755 9.65117507346
-3.28439305604 10.1977980433
-3.37221402181 10.7407244725
-3.46304927778 11.2831690909
-3.57528913889 11.8215480379
-3.09917363607 12.0414310785
-2.55423077469 12.1096958643
-2.00931197213 12.1836837163
-1.47625864696 12.3013642406
-0.957017863756 12.4676653492
-0.477416122976 12.7272441873
-0.0331280035784 13.0277636655
0.418691859664 13.3270739283
0.534991064921 12.8234534315
0.386733189354 12.2972268017
0.351250147411 11.7486134663
0.343034428011 11.1987029346
0.397634743983 10.653009222
0.706252319897 10.2086674822
1.20973969169 9.99981599933
1.75625513579 9.94122401308
2.30586438917 9.92259019632
2.84711814355 9.94408269814
3.37340780237 10.0676077536
3.86849389998 10.3052094657
4.32603331596 10.6100600285
4.77240075321 10.9313662974
4.40622227603 10.5288890876
3.92304761469 10.2662322901
3.43352577163 10.0338975219
2.92850106714 9.83719804473
2.4402932489 9.64585152258
1.93290190663 9.46705024979
1.42277186122 9.29618953016
0.931143593375 9.05400862057
0.582221814584 8.63626362023
0.461373762325 8.11088723297
0.41641229316 7.56277237852
0.425401375843 7.02218864402
0.649467605294 6.52503741389
1.07134158548 6.17919241913
1.58770395292 5.99224880263
2.11997180779 5.85559598272
2.66247238972 5.76580243885
3.20191376563 5.65870059797
3.73435788895 5.55751267769
4.22936166394 5.35703251684
4.57241331933 4.98353605855
4.90232870835 4.60022348
5.44141136881 4.49530355612
5.98960443582 4.45163833306
6.53659345377 4.39423746878
7.08475919465 4.34941285739
6.83494477281 4.79438732078
6.30701225459 4.91680287463
5.76477539821 5.00859767225
5.22930173447 5.13397588913
4.69957731393 5.28132771706
4.18461655838 5.47444016802
3.68081452643 5.67428917654
3.16909527069 5.84970272608
2.63622692546 5.96846750439
2.10934925736 6.11153608016
1.58856517351 6.28739738245
1.0917381338 6.51982183285
0.750335237974 6.94073438542
0.669838631273 7.48126226739
0.712643532036 8.02941539488
0.819825236359 8.55142976701
1.08963212019 9.02624386772
1.53642365581 9.33888966441
2.04906372417 9.53805967602
2.55074399333 9.74307477801
3.05463111651 9.91933715618
3.58259465637 10.073260838
4.11238455328 10.2207006854
4.62330287981 10.4013864198
5.15349431025 10.5470807112
5.6967576353 10.6245778399
6.24628510908 10.602924739
6.78453551801 10.4993162047
7.27192505044 10.2476124534
7.64103965511 9.84536046057
7.86472473692 9.39431777582
8.14412685094 9.84047285026
8.23301740479 10.3830910549
8.29512216355 10.9295708571
8.36510783046 11.475060788
8.44139155788 12.0196693216
8.54777670857 12.5592435228
8.67831826529 13.0935057651
8.84229591268 13.5666070997
