-0.00786712300448 0.534119896787
-0.232612549693 1.02731657999
-0.464090146786 1.52618922302
-0.695674852486 2.02504269323
-0.956560219206 2.50908012813
-1.21142090681 2.95444828739
-1.00867289362 3.41169380177
-0.723500922242 3.87248326027
-0.410461813385 4.32432914231
-0.0832313245657 4.76635409535
0.239323074271 5.21179154183
0.555372397343 5.66188498348
0.855341947112 6.09395238415
1.35854082825 6.20411278959
1.89235138145 6.07176894512
2.43234823237 5.96812715255
2.96180971683 5.85300123848
3.49277058333 5.70998020671
4.02547859839 5.57335534515
4.56502128485 5.46722781462
5.03270296077 5.23630325904
4.94498323983 4.69436892375
4.93663015406 4.14456874749
4.95174559814 3.59478199468
4.93981724331 3.04514625026
4.85064261121 2.50340326559
4.93184833897 2.99892272357
4.98255354288 3.54650470112
4.99238612466 4.09618791275
4.91651461231 4.63133024326
4.63896683497 5.08959824251
4.18290964145 5.39034156757
3.66198669211 5.53730865852
3.1850915255 5.80926809681
2.6647411156 5.97709321767
2.11697794599 6.02585024255
1.5695725881 6.07869674176
1.03714146613 6.17517455078
0.522683106376 6.36656485052
0.0407260199978 6.61640351011
-0.210454292297 7.0896572964
0.0193942419849 7.5444516712
0.365113842149 7.95140003595
0.526796772029 8.47694865496
0.77966784604 8.9634623696
1.08348948124 9.39177044659
0.86414891513 9.87052997269
0.531477254304 10.3034141073
0.256396444166 10.779200915
0.0127623144531 11.2722489712
-0.233365500458 11.7551206456
-0.488931480823 12.1853183279
-1.02670252634 12.2697162725
-1.57660032201 12.2802561244
-2.12650884719 12.2902867746
-2.67646613368 12.2964230192
-3.22159323468 12.3572146213
-3.72983484942 12.5427905836
-4.18755960527 12.7717699067
-4.22777918227 12.2615793255
-4.30725527967 11.7173886512
-4.36324666674 11.1702582164
-4.43971791614 10.6297527012
-4.51977796287 10.0896676336
-4.61381297028 9.54783346012
-4.72264783168 9.00873611771
-4.88493052897 8.49230977034
-4.54938909285 8.90750849294
-4.30831384501 9.39290333161
-4.04564137172 9.85777026128
-3.74950823696 10.3211784563
-3.45517957978 10.7762822289
-3.14629754586 11.231117617
-2.76584123529 11.6266900878
-2.30036198977 11.9180673488
-1.79994085709 12.136220098
-1.28415620979 12.3144341507
-0.758255832297 12.4753334171
-0.254419538777 12.6748719246
0.238071877692 12.9095661601
0.709789898378 13.1841627983
1.22067364877 13.3861580145
1.760220534 13.4898736722
2.30523698847 13.5015342911
2.84125752556 13.5541950195
3.38040157854 13.5821894387
3.90964938521 13.694259166
4.42521525325 13.7745848627
4.7593365766 13.3514663251
5.08024896318 12.9052556437
5.42184940147 12.4844562022
5.76938005555 12.0581690737
6.11698236554 11.6530634617
6.55598480003 11.3584817982
6.98584771197 11.0157533645
7.41429532874 10.6838084019
7.82562694498 10.3992013078
