0.036019873206 0.516958951994
-0.0739000677426 1.05488172271
-0.132804411146 1.60162390944
-0.209835151958 2.14607737777
-0.308806061448 2.68709747209
-0.420782989891 3.22552293651
-0.559500564014 3.74940465168
-0.713697950496 4.24779151997
-0.346031570577 3.84355758657
-0.0472246767934 3.38211055416
0.281398021498 2.94118120765
0.664018196794 2.56019169286
1.17793304803 2.3781919014
1.72665762114 2.34687723438
2.2765181726 2.35688796814
2.82647399396 2.36289966419
3.37641805052 2.35638562847
3.9263436644 2.3489243267
3.38991910567 2.30288405217
2.84001937056 2.30779332777
2.29023348509 2.32239956905
1.74079151106 2.34584010185
1.21450038006 2.48306305387
0.669303531727 2.62562876716
0.160522953629 2.66934429109
-0.0962039046783 3.14309044141
-0.243734149426 3.67291274804
-0.410878061366 4.1968333838
-0.587358306714 4.70488058131
-0.647982519594 5.25090616046
-0.79427739547 5.77253522261
-1.00623094039 6.27951928888
-1.2858237513 6.75267307105
-1.59547936861 7.20712712659
-1.90711539819 7.64566241862
-2.19646885372 8.05682653151
-1.67533482742 7.91760033644
-1.23481460207 7.58902131292
-0.783133557448 7.28948542507
-0.334358809525 6.9855768794
0.129890284105 6.69084810821
0.579811625922 6.3888927259
1.07975923184 6.16217639729
1.61511589657 6.03998099319
2.15184519428 5.97242575542
2.66091154602 5.76626387339
3.19387718916 5.64897203922
3.72425434588 5.50515261525
4.24486075763 5.35531504924
4.78986726061 5.28626065855
5.32390847691 5.36955619887
5.87092943967 5.34925914245
6.41926963968 5.30714304719
5.90249360149 5.34077980434
5.35257018597 5.3446517079
4.80441416581 5.38699138477
4.25903925945 5.45781838973
3.7400612657 5.63256064908
3.24146106764 5.85474913603
2.70143492375 5.9520631887
2.16871792859 6.07143106599
1.6276657583 6.17002383998
1.12632284058 6.34095057682
0.672129941754 6.57737360284
0.218046626292 6.87317217334
-0.246341898171 7.16786137393
-0.705986788833 7.46988730072
-1.15952939466 7.78100169848
-1.62911224834 8.06400336587
-2.13136848099 8.26727317903
-2.61645451413 8.5078226093
-3.04265866027 8.8537629834
-3.41190595663 9.26121512855
-3.76649137666 9.68163663601
-4.11879284926 10.0935023033
-4.46457200094 10.5108656819
-4.78784472782 10.9062760414
-4.42691316893 10.5455391912
-4.09537489793 10.1322572406
-3.65292947521 10.4283072379
-3.38669591911 10.9095390783
-3.06999724843 11.352268378
-2.62547143188 11.6642944476
-2.11591329261 11.8326949409
-1.57274890952 11.9162568226
-1.02347866904 11.9390714718
-0.473904826186 11.9179118174
0.0734852719798 11.9582029343
0.387989745049 11.5333111374
0.265485887196 11.009454579
0.139841337586 10.4740311414
0.000518415666235 9.9420439905
-0.174662209319 9.420885368
-0.429143993849 8.94867926309
-0.815127762484 8.57225319198
-1.28128609362 8.28069022514
-1.74964590619 7.99239996278
-2.213543036 7.69696871884
-2.68712309777 7.41733019455
-3.14210301856 7.12282997616
-3.56448710548 6.78511758786
-3.81200268434 6.30510562263
-3.88246482322 5.75981639021
-3.99434881004 5.22136236651
-4.09663905544 4.68096297903
-4.21672029488 4.14442512487
-4.46557688375 3.67180420935
-4.79759294502 3.25607167173
-4.66363215233 3.77531459454
-4.50186336429 4.30081605696
-4.32083482166 4.8116652585
-4.13875354072 5.32214510798
-3.94421262935 5.83649682718
-3.73618968591 6.33152576943
-3.39043571631 6.74687914136
-2.95140288333 7.06214027409
-2.49727893207 7.35641064825
-2.10727164921 7.74394538872
-1.70945720916 8.09385144152
-1.28655422118 8.44545807449
-0.869739919947 8.76578513441
-0.364004116567 8.99775972622
-0.0277698094999 9.41089273098
-0.0120499761079 9.96039083364
0.0454158873043 10.5073316999
0.117350959134 11.0524830835
0.190807498455 11.5974786509
0.274009601448 12.1410831721
0.393889717551 12.669018131
0.677917567913 13.134569201
1.13182585022 13.4369220385
1.64917281839 13.5970148545
2.18282813413 13.7296344271
1.67132400234 13.6293897422
1.14416960451 13.5131736657
0.691895063614 13.2234165999
0.447970582356 12.7518031146
0.409173770605 12.2042112644
0.390660416903 11.6545259217
0.396562370644 11.1047718303
0.497416572272 10.5824477403
0.846144811182 10.1809997176
1.37539196025 10.0519380234
1.92470484302 10.024680814
2.47169246446 9.96741620437
3.01821490757 9.90607303561
3.56227535775 9.82562683987
4.09657404294 9.71368110869
4.5618382029 9.93916004714
4.67790453629 10.4765554843
4.7657816781 11.0194850071
4.87482049591 11.5100355778
5.40786836518 11.5629797536
5.95771136353 11.5578328221
6.5052589669 11.6062786458
7.04036928677 11.6613032932
7.56720456611 11.798058358
8.02755788745 11.5831378059
7.99495000984 11.0348579786
8.05885425644 10.4886960131
8.1461290296 9.94573585196
