-0.2891605831 0.442088105788
-0.776164536071 0.660820589262
-1.24530953034 0.931958640126
-1.70203419895 1.23829365424
-2.16589356666 1.5337535696
-2.61477396214 1.85153177774
-3.00333412789 2.16961127876
-2.62097383592 2.50138560515
-2.16688444582 2.81171021456
-1.71251355967 3.12158973065
-1.2813347721 3.46179600037
-0.951579346036 3.88933295637
-0.709867650148 4.37417725815
-0.480662296908 4.87412831174
-0.234707528676 5.3568959273
0.0644496091369 4.91479585247
0.120787904944 4.36772291248
0.188718570876 3.82197154151
0.274875396214 3.27904771305
0.517722513902 2.80065861299
0.943174871523 2.48278740301
1.46790975491 2.32949800426
2.00880023416 2.2351820659
2.53168968762 2.09255918312
3.05746319863 1.96095419286
3.59131718071 1.82889406265
4.11559073342 1.66268653263
3.68122907251 1.95700273204
3.14889629511 2.02909572262
2.61131472447 2.11984778779
2.08004256263 2.22699691574
1.54080793102 2.33513260116
0.997990203276 2.42338099865
0.464581934836 2.51822689828
-0.0617677384046 2.67703507486
-0.584038668542 2.81540520266
-1.13091240036 2.87340479579
-1.67651319848 2.94174601876
-2.22372633268 2.99417228885
-2.76303374941 3.10178627056
-3.28893662384 3.25702682861
-3.68309517845 3.6064848056
-3.85593843603 4.12199485735
-3.815043587 4.66915213781
-3.71853904251 5.2024517007
-3.56255043454 5.69111522739
-3.50727453903 6.21477036995
-3.33711178663 6.7239096868
-2.91884306588 7.07653152896
-2.45657551042 7.36707068232
-1.99004282556 7.65062685727
-1.52840182069 7.94944979127
-1.05411303318 8.2278796268
-0.597828922713 8.53485327231
-0.14511567278 8.84716272711
0.306674892372 9.16062756561
0.796318394971 9.39254912227
1.26576476877 9.62623546675
0.85758426351 9.29992008691
0.356784411674 9.07320831462
-0.1380456416 8.83314949246
-0.638099583927 8.60481925266
-1.16072171034 8.46490941411
-1.70678812918 8.40160335046
-2.24954095031 8.32480140289
-2.75441355083 8.50820986132
-3.07744202666 8.93450369864
-3.33434918969 9.41147386925
-3.55555978113 9.90626890097
-3.7781589961 10.4048182871
-3.9701745603 10.9056425958
-3.71239341016 11.3622067578
-3.19383677007 11.5449984652
-2.67496737743 11.7002177812
-2.13870264313 11.8021102542
-1.59356766058 11.8220314205
-1.05692906811 11.7525073901
-0.560656485686 11.5430990557
-0.178118939049 11.1508159974
0.122684256934 10.6906645688
0.433684168635 10.2481160224
0.888294947174 9.96513578798
1.43432447295 9.917465119
1.98431082526 9.91933297388
2.53415864297 9.92698841672
3.07491465297 9.96283034796
3.60332387265 10.0749309568
4.09244397948 10.3243378547
4.55938139373 10.6149402479
4.99369404205 10.9387283842
4.65416626483 10.5484134113
4.17636511987 10.2761422441
3.69739439834 10.0404697801
3.21344112224 9.83443789102
2.70331768404 9.62971311651
2.17726195863 9.46923395162
1.65591201429 9.29412550416
1.15447663067 9.09055732422
0.705617879716 8.78873392577
0.427496817862 8.33034638846
0.340610179172 7.78877712692
0.357277122345 7.23989921015
0.538899927878 6.72367728801
0.912777933971 6.32921838529
1.42213221463 6.13832448352
1.95878728813 6.03786886633
2.49721985797 5.92574444258
3.02486410097 5.80193282076
3.54920785473 5.6362929071
4.05821184387 5.45113420068
4.44967871105 5.10088473567
5.0061239981 5.09835065296
5.02587911382 4.59728860937
4.81684837209 5.05735618462
4.36894426363 5.37160210532
3.8617989185 5.58302509233
3.35958705157 5.73924823227
2.83962087452 5.89197046789
2.30646406637 6.02447160772
1.76940563714 6.1426568768
1.23478469945 6.27075661236
0.716532138772 6.44008350684
0.405479374006 6.88044687958
0.291893654705 7.41821843395
0.180840261883 7.95671226062
0.147872271327 8.50530946624
0.140859218281 9.05510114085
0.214625641516 9.59977540473
0.251267376334 10.1485445826
0.282865771655 10.6976165085
0.304570199755 11.246963644
0.425546579286 11.7831827808
0.492743574029 12.3287416509
0.571600620438 12.8539903066
0.883123252483 13.2938419526
1.39669717151 13.4394929447
1.91247755338 13.3852473246
2.442073295 13.3844499119
2.98682000859 13.3169718051
3.49592571598 13.1337157587
3.94533799404 12.8333585365
4.34113723291 12.4632410385
4.7365199161 12.0809215512
5.14735657273 11.7154181608
5.56172241892 11.3538185205
5.97444758994 10.9963715702
6.39585889729 10.649213016
6.82118858229 10.3005344338
7.22867148983 9.94363127336
7.52280214068 9.49876979489
