0.0390826985455 0.538406367645
-0.0591448975855 1.07103356352
-0.138818104463 1.61521613726
-0.222029655291 2.1588618936
-0.324642118754 2.69919010121
-0.443949280074 3.23604973842
-0.58863991009 3.766417469
-0.768396571525 4.2484444503
-0.375555387995 3.88811940757
-0.0659897314666 3.44334977989
0.25679851522 3.00795530242
0.639241151759 2.61517967499
1.11723285711 2.38408766614
1.65884712027 2.29303539418
2.19879088942 2.24592042721
2.74659544917 2.19732625669
3.29636281921 2.19403585821
3.84334649211 2.13748492331
4.39176166258 2.09655017348
4.911426577 2.1465096167
4.96959009217 2.67921645628
4.97326693468 3.22916303567
4.97172550828 3.77915847879
4.95099136151 4.32824923505
4.77163432802 4.8438338761
4.43118134916 5.2525432805
3.9581243733 5.52979539175
3.45228407144 5.72310881378
2.9240980403 5.83955649984
2.38211850339 5.93119295313
1.85096889655 6.07354210841
1.34630637154 6.26841185503
0.965393099703 6.65500915631
0.802950068669 7.17711879059
0.777583031227 7.72616359305
0.79271219879 8.27594819488
0.803980541061 8.77798375045
0.60990573575 8.29117682939
0.381632386125 7.79367389282
0.255643553176 7.25838682934
0.109495015996 6.7365016376
-0.0515327633856 6.21067335779
-0.122465909258 5.66664380967
-0.203645843744 5.12314884909
-0.364057667281 4.614281227
-0.687678091322 4.19482854649
-1.03147116168 3.78624809998
-1.44413176705 3.45217878499
-1.97313103705 3.31394964171
-2.52263554047 3.29241066698
-3.07164769265 3.31641736588
-3.6134722389 3.40036299275
-4.10423585824 3.6444324828
-4.12482905122 4.16680922688
-3.99174231656 4.7004404292
-3.9080859814 5.24320604366
-3.869032683 5.78373032422
-3.7489991518 6.31889014219
-3.45057395214 6.76789501687
-3.01331544601 7.09897322556
-2.51990397602 7.34130083138
-2.0222746001 7.5755001371
-1.53582086062 7.83199957865
-1.04771407059 8.08544356917
-0.547045391281 8.31304643225
-0.0497975303177 8.52867955409
0.444305190786 8.75096123968
0.932774836471 9.00340783981
1.43929741089 9.21703239657
1.97953614086 9.31359851492
2.51536280419 9.39073153813
2.96168540869 9.66387487079
3.40413186039 9.97675594028
3.79154711828 10.3645496623
4.07962903675 10.832756206
3.90940430883 10.3359964733
3.45192650377 10.032496994
2.9446294418 9.84281936379
2.45282921112 9.61544782944
1.93461849024 9.43196931351
1.41648126412 9.27311116159
0.880915651326 9.15052815151
0.353255219605 9.01357641191
-0.156551674732 8.81813181253
-0.667408003155 8.61449825468
-1.1920765529 8.48062921852
-1.73823841178 8.42029376335
-2.28068120749 8.48887720772
-2.74911250441 8.74599903488
-3.07823950977 9.16762094004
-3.29669700396 9.67208759559
-3.49455586089 10.1680626002
-3.69851847834 10.6787758378
-3.92524665022 11.1618860062
-3.55910340393 11.5444841698
-3.02913504345 11.6913956112
-2.48559446998 11.7711234815
-1.93595936317 11.7595430639
-1.3868192353 11.7897294172
-0.839422699767 11.7841261685
-0.364267919047 11.5354560679
-0.0135608384138 11.1139900386
0.258448879317 10.6454327639
0.587532828832 10.2191587108
1.07011884095 9.9845445359
1.61670204575 9.9463038996
2.16666478896 9.94492839586
2.71639663586 9.94554863917
3.26130004506 10.0188771547
3.80985106577 10.0585184849
4.34236733366 10.1541986074
4.86123613807 10.3108312452
5.38543040839 10.4766657413
5.91562731093 10.6194995468
6.4643241243 10.6431291002
7.01389495519 10.6403844443
7.56317622302 10.6678381022
8.1127189845 10.6772929701
8.65059287285 10.790400238
8.37721250526 11.2429120597
7.875440931 11.4368563495
7.3728070554 11.6499348822
6.88555164665 11.8776560827
6.38545742442 12.0759580963
5.88328192168 12.2798584816
5.38014249332 12.4810734468
4.87807919541 12.6629428014
4.37659580877 12.8464288167
3.86640523343 13.0292553598
3.35453491673 13.2286983984
2.84734268416 13.4404341061
2.36373188343 13.6112328698
