0.23490561003 0.444985259459
0.374984931063 0.968401587656
0.556328561835 1.47488937424
0.776567691565 1.97835118372
0.852599377378 2.48594202834
0.517020784474 2.89182085758
0.318452943372 3.35855279078
0.293120683463 3.90720644903
0.286436664324 4.4387329199
0.256732324557 4.94469638899
-0.102706661455 5.34367565947
-0.446476131369 5.77294370191
-0.736958964171 6.21050883689
-1.22702041959 6.42603210308
-1.63754838973 6.76597928497
-2.07877064248 7.07004092274
-2.45417670229 7.44169725241
-2.70640220792 7.91458145217
-3.03350083703 8.32954276495
-3.36972135403 8.76479425993
-3.71388113155 9.19379459004
-3.78794780175 9.69962370492
-3.81980191473 10.2384843844
-3.77245385324 10.7840149196
-3.59190536779 11.3032194835
-3.397237373 11.817541599
-2.98803020398 12.1329948162
-2.44497919737 12.2184361259
-1.89775479529 12.2724805869
-1.36316966604 12.3577216963
-0.884337503295 12.6164722882
-0.587864631677 13.0196374183
-0.126031807004 13.2681697002
0.419825300261 13.3350464601
0.965525899838 13.4009465177
1.45594756116 13.4987701549
1.99947860374 13.5825154202
2.5449330516 13.6530540633
3.07757384739 13.6030217201
3.36751327561 13.1811983234
3.85008059699 13.0428916768
3.91145176279 12.5385484243
4.20185714735 12.1246113923
4.66207454607 11.8237188365
5.13883386227 11.5496737691
5.58618935706 11.3064868866
6.05767902018 11.1088520226
6.53217208148 10.8469218105
7.01293125757 10.5881422993
7.49340456043 10.3373520238
7.92175932499 10.0185242289
8.18401432105 9.56731293938
7.74285447021 9.86687400268
7.25073975958 10.112345145
6.75527378613 10.3417331855
6.2413610068 10.5369244426
5.70180873076 10.6353523067
5.16002751226 10.5589055839
4.67122045452 10.3268002649
4.17264930162 10.0980873506
3.65376740744 9.92827182831
3.14411173882 9.75607300854
2.6216810779 9.59746898845
2.09218386934 9.44898615165
1.5787073862 9.2884294639
1.08243010831 9.0750208268
0.747580068769 8.67631054387
0.549823746703 8.21481160504
0.472213621179 7.71879047299
0.494483061203 7.17011458283
0.674364779341 6.66105767506
1.0501808403 6.30203699314
1.53328341299 6.15679417274
2.03235838318 6.09697745461
2.57744469498 6.02363665311
3.12089286192 5.93968827948
3.63703750949 5.75327285953
4.15207678657 5.56100819333
4.62731975758 5.38253033905
5.03403304239 5.06215951889
5.17143029864 4.53094578697
5.3809976638 4.04462856327
5.86766984213 3.86754494488
6.39742357641 3.719830624
6.87342846596 3.54703171134
6.62388426178 3.07033876116
6.15853465771 2.8004920835
5.74975675669 2.44931209141
5.52561600913 1.95188125916
5.47304804748 1.40513667515
5.48234008246 0.855419190596
5.25312085583 0.384121077357
4.78360481118 0.616194560962
4.31785195751 0.900076478211
3.79536124246 1.07162487083
3.27981426011 1.26261255827
2.74340902843 1.38271268202
2.20174142227 1.47797255463
1.66149478041 1.5809978924
1.12358343396 1.67453383132
0.580387904725 1.76065783238
0.0332315285247 1.80912203968
-0.516030450291 1.83379962431
-1.06583076165 1.84701706699
-1.61519492908 1.86801317944
-2.16519142728 1.86765403624
-2.71516962843 1.87234744955
-3.26506963053 1.88272449104
-3.81495805868 1.89257507631
-4.32851314718 1.94848151928
