0.0148059667115 0.543653471208
-0.237266324672 1.0324500788
-0.477814096408 1.52258063207
-0.721576374214 2.011137848
-0.971003127406 2.49231639209
-1.2122772356 2.93068760679
-0.976388209343 3.37835950655
-0.728300079721 3.86426664913
-0.441987521872 4.33367784074
-0.129540666226 4.7861496887
0.162614956184 5.2425990413
0.450059906158 5.70206800474
0.75261033933 6.16132377185
1.27790990836 6.2723699223
1.78826419847 6.06819064756
2.32778114787 5.96286120194
2.86068924491 5.86413703107
3.39074262844 5.75117987215
3.91410637065 5.59707685115
4.41542681353 5.38087445001
4.89675253134 5.20097153077
4.45182190478 5.50341666358
3.9114023623 5.58122542738
3.36945086895 5.6745921193
2.82846680956 5.77366635978
2.28738742998 5.87222296659
1.75907716231 5.99292608362
1.25802954756 6.17366064891
0.851968362562 6.53645965668
0.694434293761 7.04468256742
0.80080746704 7.58305067433
0.886861154699 8.12620619345
0.927792813788 8.75276539321
0.938781324072 9.27916157678
0.527224585135 8.97240635341
0.0114467716294 8.83418097462
-0.513121435547 8.68279381456
-1.04192491036 8.54711790607
-1.57915988276 8.43044050218
-2.1138100189 8.30345566986
-2.64184828387 8.14959751075
-3.15894508307 7.98730194144
-3.64384069706 7.84190361304
-3.64558576565 8.34963663986
-3.71876272726 8.89450637621
-3.76941963635 9.44208904136
-3.84455099147 9.98692485218
-3.92301563079 10.5312759989
-4.00625636461 11.074825744
-4.08291766758 11.6192109756
-3.90419239781 12.0916686046
-3.35496224102 12.1190875676
-2.81419982275 12.1538612298
-2.26839494103 12.2213314057
-1.72292460899 12.2913050273
-1.20771313901 12.4533177188
-0.769603410783 12.7815688654
-0.431329460182 13.2037567807
-0.159809743201 13.6454166593
0.275997941983 13.9429088673
0.815415016329 13.8904631467
1.36385497148 13.8496582125
1.91349631873 13.830712073
2.46327165022 13.8150263047
3.01296306823 13.7966049864
3.53679258333 13.7792248326
3.98327949259 13.463751957
4.38320592219 13.0862498799
4.77053957556 12.7246646992
5.231754282 12.475022261
5.67990354098 12.1563569356
6.13747428542 11.8512676599
6.59257021644 11.5425151212
7.04000566073 11.2714342032
7.3969705326 10.8808503101
7.70771394051 10.4368441777
8.04933226542 10.0058599357
8.39071619001 9.5849049888
