0.286129446584 0.457397553218
0.399444949418 0.987083927666
0.581932514687 1.50583569036
0.798360892835 1.99365210883
0.849492702573 2.52250762538
0.493411541258 2.94118182223
0.221696155352 3.40926016196
-0.00691165243938 3.90944854156
-0.240862984925 4.39821856546
-0.523117184608 4.85609382329
-0.1627401933 5.24508667559
0.325909794135 5.47944557774
0.808735185651 5.74272734151
1.25016619573 5.99968355594
1.77506548522 6.02838937867
2.32078532155 5.96021865535
2.86060937476 5.85676347449
3.39650800782 5.7331687796
3.92323048071 5.57553944666
4.40592073282 5.40318364752
4.79181535868 5.07710639253
5.10902169753 4.68530594296
5.5523448266 4.36139176563
5.98893556164 4.02716856049
6.44628965813 3.72169439442
6.88740516674 3.43230886166
6.58664243509 3.85983439366
6.11823305005 4.14741325876
5.66572639097 4.45989565801
5.21633466434 4.77685841667
4.76198520138 5.08673712959
4.28902037459 5.36547527993
3.7687310846 5.54205372913
3.25541176481 5.71168316318
2.75774930344 5.94510913585
2.22472040095 6.0720643277
1.67488238772 6.07201553391
1.14213944223 6.15283414237
0.709261665741 6.4794060117
0.560550895558 7.00206950403
0.565828295515 7.55176669172
0.589931589968 8.10096150898
0.543483228357 8.6489025905
0.541603928052 9.1986558467
0.586285089459 9.70959644758
0.588932955181 10.2280112423
0.299827008555 10.6856437577
-0.00935396322217 11.1404024956
-0.347866355884 11.5727334391
-0.767314086792 11.8657799366
-1.23304421952 12.1060297916
-1.77751067816 12.179672757
-2.28195984825 12.3150535078
-2.73775722623 12.5546030327
-3.28526973539 12.5247393028
-3.78539107163 12.7120912332
-4.13283245686 13.0828481419
-4.22478707045 13.6051649393
-4.2058608027 13.1023632571
-4.23717303829 12.5535064147
-4.23842143511 12.0035106883
-4.25564913552 11.453811405
-4.2787682751 10.9043021415
-4.29631248903 10.3545820304
-4.31701260139 9.8049739468
-4.33716965533 9.30538041885
-4.35355640724 8.75562835623
-4.36099768075 8.20570797174
-4.38663759039 7.65638224939
-4.36028725856 7.11615064069
-4.24569644585 6.61368305896
-4.31233528545 6.06788247223
-4.36550586914 5.52046204721
-4.42254150529 4.9735321053
-4.46312413814 4.42507181804
-4.51367474514 3.87740475968
-4.57475729737 3.33891328085
-4.57989001796 2.83461944772
-4.66021025313 2.2917019424
-4.77000438516 1.75281362418
-4.98181829298 1.29592135254
-4.47002100362 1.46409805985
-4.00824854471 1.7628493714
-3.53163032379 2.03724695202
-3.05084977801 2.30420391803
-2.57750378704 2.58424784991
-2.10970596231 2.87348357737
-1.64307700372 3.16459547237
-1.25191003711 3.53462358385
-1.0153019552 4.02985596977
-0.848147436593 4.55366104824
-0.702435833457 5.08399976434
-0.538678560522 5.60063818382
-0.374484746359 6.12555194092
-0.197250026101 6.63767665149
-0.00569735785109 7.14469122382
0.204106996595 7.64434197095
0.428260827313 8.1378019459
0.655326143943 8.62955867706
0.995581121759 9.04786007626
1.44962450184 9.34142446003
1.9376586802 9.55406379284
2.4395626847 9.75849870142
2.95597219688 9.9355250349
3.47353174977 10.1081874395
3.94054505153 10.3807988811
4.36598684858 10.7164873447
4.82486880514 11.0016538746
5.19995511523 11.390580046
5.55871372952 11.7857765597
5.94017757882 12.1819469872
6.33108426195 12.5433792617
6.7857816823 12.7624251346
7.27721708137 12.9909962736
7.77157731274 13.2131685766
8.27655850753 13.4310594207
