-0.354529253798 0.397385963152
-0.844857920398 0.636286825764
-1.31213191429 0.926307713664
-1.77832434608 1.21811621229
-2.21559027271 1.53104856476
-2.6432093973 1.87053885757
-3.02735929649 2.20128157267
-2.58716430412 2.52310309499
-2.11978553801 2.81301083263
-1.6450820232 3.09074213965
-1.1911265137 3.40027764135
-0.795778770729 3.78212509047
-0.411994776637 4.17606397013
-0.0266981623212 4.56853858746
0.323395769583 4.94235032241
0.344703705743 4.42189035106
0.304854918599 3.87343592352
0.301999619673 3.3237054636
0.455834688453 2.80616487558
0.866571370746 2.46405556603
1.3945861979 2.31921795471
1.94335365169 2.28629160491
2.49279350548 2.26176377427
3.04125400949 2.22071929804
3.57831169707 2.15182508789
3.04837809312 2.17846030138
2.49866645616 2.18670988147
1.94955652605 2.21763437127
1.41637470744 2.30902098758
0.928798265093 2.54675700047
0.586015286829 2.94775944053
0.365835952393 3.40220430006
0.186249383501 3.9089910156
-0.0690670301355 4.38671871778
-0.288041644886 4.87813557197
-0.523153300414 5.37527359894
-0.764209316416 5.86517618664
-1.04962943525 6.32904712489
-1.44778422866 6.69378039158
-1.92379348496 6.96816989347
-2.39949811733 7.22746733009
-2.24930545573 7.72339446291
-1.76295368282 7.98005413223
-1.27752139569 8.23849018849
-0.798433521806 8.49187904367
-0.323744912079 8.7615248743
0.108547996638 9.05660966521
0.555399368708 9.37725829085
0.976648996987 9.6777412531
0.606473057137 9.28848947854
0.135499132001 9.00473304294
-0.309146010269 8.69489382352
-0.780569916461 8.41176461091
-1.25097730167 8.12678861599
-1.71966150764 7.83900162253
-2.18434266248 7.56005906662
-2.6532640129 7.27286813579
-3.11994624064 6.98971900626
-3.53570648054 6.64359058441
-3.73910140734 6.15232311451
-3.70576431307 5.62287870338
-3.74534877526 6.13731355603
-3.53580046807 6.63938540791
-3.13442403123 7.01264145269
-2.66931702522 7.30605782875
-2.1987639488 7.59077889411
-1.73734659568 7.89002176441
-1.2789546658 8.19395173315
-0.817448307114 8.49312672538
-0.397239160087 8.84463944248
-0.184747167637 9.34354860868
-0.166435326516 9.89261250165
-0.181774787285 10.4423978666
-0.206884121253 10.9915919428
-0.390587207354 11.5035782607
-0.833849264593 11.8110527098
-1.3765002657 11.8965620666
-0.873493684017 11.8833595141
-0.408708233181 11.5989000407
-0.074987618597 11.1632906866
0.185342756993 10.6791465468
0.501259486581 10.2433743512
0.988849932411 10.0179397328
1.53520926528 9.96185010318
2.08517855687 9.95789391143
2.63512932894 9.9597268737
3.18082634802 10.0221817592
3.70695159748 10.1791952587
4.20446843184 10.413580989
4.69783999484 10.6566012342
5.14853554361 10.8759817103
4.70273701411 10.5667503785
4.2028461228 10.3920647509
3.982499337 10.8411092333
3.97699427686 11.3907112401
3.92263089771 11.9379753243
3.86702600298 12.4809382066
3.68025976051 12.9763085446
3.284809446 13.3418592146
3.7324162186 13.0736942501
4.14600582184 12.7235302662
4.53962929706 12.3394779409
4.92658476231 11.9606961753
5.27703923679 11.5480156259
5.67781161975 11.1713989729
6.084498992 10.8012111015
6.50016651078 10.4410665259
6.94664342206 10.1359894373
7.38136574563 9.802868651
7.70974525857 9.36341161806
7.47279888852 9.84818331204
7.01317720989 10.1313429661
6.53076862226 10.3782202751
6.00979185969 10.5495718022
5.46237455551 10.5718245766
4.92481061621 10.4592358619
4.41407629258 10.2779586055
3.90187624468 10.0777761844
3.39365979458 9.87829722522
2.88591583025 9.68871342215
2.35702744215 9.53885420816
1.823405032 9.40591651886
1.31557208127 9.19660027677
0.875280767095 8.87304595859
0.649741398994 8.38968560108
0.590452288371 7.89223706611
0.575076264653 7.34246931866
0.649409954103 6.80156157808
0.956560608817 6.35467917344
1.45771446375 6.14081776105
1.99777327395 6.03792981893
2.53891809512 5.93975182674
3.07685414231 5.82565094074
3.58676308997 5.68115042965
4.10387157848 5.53270366692
4.63568681255 5.44535812755
5.11009746291 5.62086542301
5.59701550516 5.49658219755
5.98787848746 5.13933520281
6.47069638181 4.98471005285
5.96110478065 5.13489502349
5.42669661437 5.22458465465
4.88900917819 5.31932458019
4.35336913983 5.44287152204
3.83857771094 5.62287566537
3.2906193268 5.6625948543
2.74684846072 5.74372830616
2.22221667578 5.8743653412
1.7049663672 6.05926376316
1.17389422393 6.20143585763
0.679606888015 6.43834091575
0.297408479577 6.83290368933
-0.1071205727 7.20515871203
-0.501301622271 7.55097520905
-0.889281714819 7.90612716468
-1.34099921871 8.1945199306
-1.86830563385 8.35017064598
-2.39453768146 8.50912126649
-2.83299130847 8.81983498456
-3.0940563289 9.30008602613
-3.22637551669 9.81703592268
-3.34755517124 10.3535050204
-3.48051028826 10.8871705877
-3.6151998244 11.4203960667
-3.77079815513 11.9478844542
-3.94694156045 12.460389233
-4.14143538961 12.961955196
-4.23601675216 13.4792180063
-4.57854201114 13.871408631
