-0.0172345567859 0.504512453487
-0.251686255942 1.00173264579
-0.478145991781 1.50280269811
-0.711385653825 1.98311707363
-0.957910660937 2.47467659386
-1.19978510324 2.9127292841
-0.947501043307 3.38196391661
-0.630839992357 3.82664866193
-0.303937888879 4.26892802796
0.032702882319 4.6937010542
0.358801409192 5.11649712657
0.678058588662 5.53627550745
0.591950522821 6.03943458859
0.259725898264 6.46759015047
-0.0718218580221 6.90640337922
-0.397800017498 7.34936892282
-0.473413826061 7.86372918664
-0.14473420468 8.29806596507
0.183310832079 8.72927390989
0.523935444335 9.14049869644
0.862643344001 9.54292324202
0.625908933221 9.99701363195
0.43253868023 10.5085882486
0.394280510942 11.0564612498
0.405100288649 11.6063203348
-0.0613187863044 11.8905472133
-0.597766076929 12.0087822864
-1.1448134606 12.0656499411
-1.64988086273 12.1279381216
-1.17662518129 12.3595430965
-0.667587699559 12.5673151426
-0.176613378464 12.8061414026
0.317312044992 13.0480745054
0.812969002564 13.2864019735
1.29456250318 13.4615460973
0.860396980611 13.2030033281
0.373347489713 13.0870853729
-0.128764196059 12.8653576182
-0.60685819115 12.601688381
-1.09968458374 12.3670354107
-1.60585437736 12.1519712683
-2.11002077651 11.9423768582
-2.60489755457 11.7062577569
-2.89651832091 11.2802013797
-3.18029485715 10.8678927547
-3.54823912625 11.2114083099
-3.69117760118 11.7331205834
-3.89650247387 12.2433058342
-4.10512098877 12.739196731
-4.28003868513 13.2517642744
-3.94085321933 12.8267292583
-3.54109364676 12.469727241
-3.01446807254 12.3244743198
-2.46479874985 12.3131251116
-1.91481561148 12.3155345705
-1.36817235831 12.3709504731
-0.843908332019 12.5340538342
-0.338813649207 12.7513613779
0.144272380365 13.0142400508
0.629160471118 13.265071523
1.12821509094 13.4526246381
1.67395701676 13.5073086947
2.22360705951 13.4882490786
2.76600016079 13.4332815693
3.26520253379 13.2092280237
3.66516012173 12.8584302363
4.07311141465 12.5582495933
4.51401311279 12.2448529496
4.9335804632 11.8892592737
5.36746816857 11.625172737
5.87278829379 11.4082531034
6.37349257834 11.2007737913
6.883599766 11.0176844929
7.40376230011 10.8390271681
7.86460602587 11.0814075273
8.00610698197 11.6126879211
8.17178523049 12.1370444062
8.35773414862 12.6546486117
8.55330280232 13.1643790105
8.78156615288 13.6467526997
8.34830259099 13.3738424766
7.90407294079 13.0497205301
7.44527572385 12.7464493578
6.99992601349 12.444675211
6.54545743906 12.1349282149
6.09391747923 11.8209356291
5.65517752751 11.5027066137
5.17131693017 11.2442207435
4.67984201846 10.997629714
4.20208092785 10.7251963013
3.71782259495 10.4644455378
3.25743689972 10.1945435887
2.80149452442 9.97384338705
2.29246289984 9.76561792677
1.7864157723 9.5715149202
1.2700111447 9.3944617331
0.74618146278 9.24051860805
0.247076577391 9.01499948925
-0.0966581310458 8.59480290901
-0.210492956774 8.05972112597
-0.240640287713 7.51060853269
0.0257258228357 7.04925900774
0.4360352381 6.70141884524
0.850758341839 6.34061472587
1.34537631855 6.10846031957
1.88863453004 6.02473681192
2.42892883273 5.94606666881
2.97113731263 5.85462290153
3.50326744877 5.71584318612
4.02608779681 5.54524827809
4.55691876347 5.4051705092
5.0620610907 5.36813979818
4.54851949734 5.48671510701
4.00633926107 5.57662033143
3.46500746987 5.67372677327
2.92301885645 5.76719151278
2.38196870269 5.86594583029
1.85469086168 6.02075798703
1.3144928582 6.1208228989
0.775811559977 6.23099670305
0.253259118701 6.40218268394
-0.269803738747 6.57176386745
-0.803154485639 6.70576309375
-1.33946694744 6.82748401999
-1.86644523761 6.95316728071
-2.41487649634 6.98417088766
-2.96407072799 6.96136356818
-3.48683296689 6.80004929124
-3.9471524339 6.50733661824
-4.35752102676 6.16845660931
-4.22537375487 5.66786772623
-4.17883850054 5.12032869702
-4.1657972787 4.57852815451
-3.9209060504 4.13352725364
-3.75135572443 3.61155950621
-3.47108996092 3.14493313652
-2.99632244078 2.88948503505
-2.46254439575 2.79659819549
-1.91632042851 2.73358299585
-1.36777193694 2.76183945116
-0.824366607595 2.6781804543
-0.28181348394 2.58826624129
0.254351211021 2.46603855497
0.785638459722 2.32387545442
1.32017320004 2.24006121866
1.86899614768 2.20470735286
2.41835861546 2.17828434399
2.96817442294 2.17900915174
3.51601892493 2.20982991368
4.0486410884 2.34416612047
4.59489250218 2.4077939533
5.13296624683 2.51331616409
5.66009690098 2.66904237662
6.20488580186 2.73990394423
6.75382252051 2.77376356566
7.29559357373 2.78887878816
7.84518261083 2.8098081982
8.35080888409 2.83456266739
