0.0389317109739 0.505989571906
-0.205598685465 0.998630150516
-0.447778751827 1.49243982591
-0.693665918097 1.9754328714
-0.970779412755 2.4502294729
-1.23176813016 2.88742812836
-0.96354777171 3.33938155679
-0.604802860928 3.74562183057
-0.220089062781 4.13863908702
0.153110835134 4.54229822106
0.496094952562 4.96150701883
0.920873692849 5.30953179299
1.36995395447 5.58608224466
0.90565942364 5.86072409873
0.484285640367 6.21342592316
0.0460245417261 6.54562958514
-0.411079877362 6.85115610518
-0.857962503679 7.17162157121
-1.29392499239 7.49330450658
-1.68185478183 7.83650978651
-2.09546127626 7.50696988912
-2.59392396247 7.27459557492
-3.072484488 7.00372521984
-3.49359302724 6.67838065492
-3.83340298422 6.24671914031
-4.11922579555 5.79766599881
-4.44027460292 5.38046730581
-4.40137111345 4.85782094137
-4.0700038366 5.26458910253
-3.90022540374 5.77886394393
-3.6264326598 6.25367208853
-3.25695156309 6.64882218445
-2.86081742428 7.01714763491
-2.45544815337 7.38715012774
-1.99972878912 7.69502700675
-1.53060612292 7.96611671423
-1.06090782111 8.25220095764
-0.613544360978 8.57026190923
-0.316389582197 9.01825139476
-0.196762543477 9.54528397745
-0.119167431179 10.0895276142
-0.0175829962684 10.6178324605
0.109530595582 11.148696504
0.281326460469 11.6408307355
0.370590793865 12.1801394739
0.421013376491 12.7097694382
0.610790729064 13.2144386273
0.907656984096 13.6213523798
0.526546880935 13.2526898164
0.0226200433337 13.0354995308
-0.454033289538 12.7611630997
-0.936862601335 12.5380506298
-1.47292409603 12.422095481
-2.022278815 12.3999925488
-2.57227684245 12.4005063453
-3.11415076425 12.4108418087
-3.65682511756 12.494252531
-4.13022161267 12.6756520118
-3.61536600025 12.5413637493
-3.0876664628 12.3891191829
-2.54412103937 12.3062416414
-2.00020092365 12.225115566
-1.46081938646 12.1176451246
-0.937172190191 11.9799086574
-0.493538882746 11.6632481496
-0.159522691556 11.237038918
0.12039560992 10.7731352748
0.432478741494 10.3327734697
0.904035192797 10.0599623301
1.44724981202 9.98584208797
1.99717845201 9.99430371005
2.54713924386 10.0008708578
3.09705911884 9.99680710349
3.64652036621 10.016837417
4.18931006564 10.1037289317
4.68008405352 10.299897645
5.04534924011 10.6996520212
5.42066680095 11.101404591
5.80697295965 11.4928738823
6.18352560456 11.8827085914
6.6473419781 11.6523839874
6.8772113763 11.1542698992
7.15218768107 10.6874357499
7.42958388893 10.2125379262
7.71033940737 9.73961067589
7.99755695002 9.28571599826
7.73103704029 9.75379567628
7.26938537119 10.0376926304
6.78188939476 10.2921851495
6.28916381629 10.5171092961
5.7617316074 10.6358352076
5.21427321871 10.6089857424
4.69557678375 10.4538916228
4.19187735717 10.2538762011
3.6764057677 10.0620869324
3.16204015919 9.86733979537
2.64174015813 9.68947260281
2.11801202452 9.5215564511
1.60554606122 9.32314468364
1.13040968432 9.06423849149
0.764763380584 8.66110642234
0.642505882843 8.12841994939
0.62742656996 7.57868435688
0.656063872096 7.03034315431
0.864020105736 6.53465911715
1.29410956787 6.21413423872
1.80974891168 6.02535825029
2.35124381597 5.93001182915
2.89468429343 5.84532872201
3.43452374981 5.74129813762
3.96099393509 5.58238499538
4.49060927409 5.43450394733
5.02777690562 5.31651798366
5.5676422843 5.211624257
6.06244356013 5.08200165213
6.46324965155 4.74694402107
6.69271445964 4.30233453254
7.09280240589 3.97914048793
7.47667278944 3.58540709368
7.88548638693 3.22965354351
8.27531908468 2.89941911663
7.75488053906 2.87844978978
7.20636056422 2.83859430689
6.65792712598 2.79714596339
6.11898532323 2.69590584757
5.67275129202 2.39059662515
5.48710251585 1.87786827394
5.44603968469 1.32966383257
5.45964777345 0.780504863094
5.50940879935 0.262026297384
