-0.351578474023 0.409017228456
-0.843148900667 0.655113490157
-1.30608058259 0.95195978422
-1.77716461995 1.23578009545
-2.22706112951 1.54443102763
-2.64605053248 1.90060573596
-3.06643377426 2.22520570506
-3.57952010632 2.36950852078
-3.09209284647 2.5957282343
-2.59880236618 2.82016300758
-2.09311064088 3.03617848111
-1.55441503082 3.14121953002
-1.0602945369 3.34149056681
-0.768846435768 3.80660252997
-0.496681090747 4.27524467535
-0.202484215396 4.73992705847
0.108165037518 5.17406931137
0.329988991393 4.68467394709
0.311422363629 4.13504871383
0.300684983808 3.58516679261
0.358778496629 3.04012716537
0.640818022485 2.58008508674
1.13550792074 2.34833520198
1.67898003174 2.26612962361
2.22743076717 2.22559919554
2.77582238631 2.18465120618
3.32180392993 2.11834770618
2.77599690312 2.0891411025
2.23095074933 2.15211823914
1.69305193753 2.26672938799
1.16087045844 2.40206073599
0.711293054751 2.69482746532
0.422989338418 3.1600030868
0.245463275502 3.62856690265
0.056359728533 4.14501599089
-0.147391538811 4.64723017962
-0.350623033774 5.15758575243
-0.482939751166 5.68305927421
-0.685163207325 6.17201683648
-1.04833641345 6.5800268586
-1.50604318756 6.86896539381
-2.00281405453 7.10486409568
-2.47042992639 7.3786239345
-2.92944972905 7.66663461992
-2.61828358433 8.10428135184
-2.09818258761 8.2821286144
-1.55797122821 8.38406798584
-1.03273397235 8.4973453187
-0.551246385837 8.75665723539
-0.243278705767 9.20507975492
-0.12904076588 9.74077381003
-0.093096898839 10.2893132756
0.0265771708015 10.7764573086
0.446117242112 10.4421121843
0.87674045008 10.1232639947
1.42243839912 10.0674909817
1.9712972382 10.0344266207
2.52101073071 10.0258642104
3.03963112654 10.0216366504
2.51811776947 9.92645110169
1.96994723216 9.96696057448
1.42077498399 9.99599865965
0.896133331811 10.1201147758
0.472548859624 10.4566362607
0.164586772172 10.9072381808
-0.144713074434 11.356965989
-0.535909398077 11.7209204823
-1.05055520616 11.9048227372
-1.55463213217 11.9470867583
-1.05617203773 11.8548725377
-0.546184628455 11.6752071339
-0.171955262045 11.2866838609
0.129984624441 10.8270963045
0.456061920493 10.3857925918
0.906305456462 10.0904826725
1.44531581778 9.99373128846
1.99477548711 9.96960397158
2.54446009792 9.98220030785
3.08947401946 10.0521186772
3.57273851352 10.2849334155
3.85453467367 10.7374847383
3.90375314089 11.2821854211
3.85009919256 11.8295275512
3.90595195778 12.3334062325
3.70978535164 12.8444180708
3.30666310074 13.1877077334
2.77699549936 13.3209286647
2.23683503016 13.3249366316
1.73044708401 13.3891374335
1.18301519922 13.3751728155
0.667032054478 13.1885518131
0.17405242641 12.9447257618
-0.305126893577 12.7002069554
-0.82353221742 12.5202854062
-1.35947501047 12.442464272
-1.90850223713 12.4109614548
-2.4561655852 12.4448877911
-2.97156036859 12.4606582827
-3.50544454054 12.5398561564
-3.88561735397 12.9083694854
-3.57478046955 12.4743513504
-3.07867464524 12.260277985
-2.5626669284 12.3705361676
-2.01768082634 12.4320154797
-1.47975742115 12.4397553601
-0.935859906364 12.4030521178
-0.44022757912 12.1828383325
-0.0803460358582 11.7814339804
0.146972875648 11.2843237797
0.336554400471 10.7682798076
0.638507246214 10.3296598521
1.13735708891 10.1137071467
1.6765310115 10.0616351392
2.22450666523 10.029195635
2.76806616968 9.95079907477
3.31638305032 9.9808953874
3.84575176851 10.127164962
4.36558913008 10.2650054271
4.88372819571 10.3764180895
5.41154275293 10.4543327348
5.95358882401 10.4618886479
6.46976625787 10.2906526256
6.857989192 9.96456193761
7.3268850529 10.2121926303
7.54748761787 10.7027724249
7.81447968693 11.1829992892
8.10904440336 11.6426962404
8.410221512 12.1028192437
8.71833678703 12.5298854719
