0.354737854705 0.425565924366
0.219658580065 0.988211595971
0.412048082272 1.49360002749
0.697594449592 1.96350338818
0.795868925855 2.4825429746
0.457049699877 2.8712268859
0.192800962095 3.3364307708
0.10210918491 3.8786088215
0.0532353354647 4.41821195797
0.357047459058 4.86417242257
0.733233897307 5.23835439615
1.12185228112 5.56211263948
1.62463483674 5.59373677878
2.17385196467 5.6145523005
2.71175474802 5.65863480566
3.20626825481 5.83362335938
3.70691368971 5.75661548663
4.17581411242 5.49369204402
4.68030187399 5.28444541777
5.21036705924 5.13778427134
5.52955031116 4.74839626932
5.15819878906 4.41329068277
5.03773590484 4.91236883685
4.60640990364 5.22690154441
4.16674913172 5.49452113223
3.69183754815 5.65140897476
3.16557548401 5.80666918219
2.62797458025 5.87472458565
2.09197978528 5.9970879232
1.57513934849 6.11498714844
1.08617308408 6.23494602987
0.659979296997 6.53809968278
0.460463881836 7.02333857359
0.399019251816 7.52082187282
0.494751484494 8.06127285729
0.582730770398 8.59520115821
0.731541492641 9.12104197073
1.17554448987 9.39429457031
1.68976702315 9.52264345752
2.22360110567 9.6549068517
2.75568815416 9.79411145423
3.27527195109 9.94746086199
3.74147419631 10.1416040241
4.2300050695 10.3856982585
4.669033575 10.7169623689
5.10345539387 11.0541110972
5.51973701179 11.3581499044
5.94436021332 11.6414333244
6.32419494399 12.0280549317
6.70366996134 12.4149832332
7.15355356371 12.6694067348
7.60807070389 12.9788048276
8.03629457516 13.2543139066
7.52652204327 13.4010649116
6.98336663507 13.4842210147
6.43456905145 13.5126623218
5.88492995679 13.5324095756
5.38536288784 13.5532120664
4.83566843826 13.5712557512
4.28596845185 13.5892996275
3.73622819294 13.6058703764
3.18639597177 13.6192845983
2.63940920956 13.6696102584
2.13834180978 13.8596194516
1.68831228374 13.5527698706
1.18710672705 13.4851466975
0.668355257845 13.3827441343
0.200190111818 13.0941066393
-0.278476541923 12.8410273887
-0.780494179527 12.6283517215
-1.25805313084 12.4083849905
-1.71960364805 12.1914982304
-2.18986251795 11.911749121
-2.7171778626 11.7582893545
-3.22579260867 11.549354025
-3.56855980725 11.9218657038
-3.79014039267 12.4120804346
-3.99805488958 12.8942765445
-4.34768855366 13.2551290845
-4.36584795525 12.7464226269
-4.44780741741 12.2031590426
-4.47600433013 11.6539186643
-4.51559018739 11.1053489538
-4.55002915378 10.556443776
-4.57503246988 10.0570693331
-4.60003578603 9.55769489026
-4.62827528009 9.00842128865
-4.65538099771 8.50915654919
-4.67994013264 7.95971498301
-4.73810593858 7.45681540515
-4.94951873681 6.99570811173
-4.99886208481 6.46258223546
-4.93233620171 5.92576893141
-4.85243696315 5.42533613852
-4.88591130067 4.8775420803
-4.90266617876 4.32932890783
-4.89528112288 3.82894705934
-4.91995696508 3.2820078839
-4.91629817523 2.73288083888
-4.90209513241 2.23075078842
-4.89786803045 1.73051521678
-4.99181088386 1.23424330793
