0.508836266009 0.167788477502
0.957235878125 0.464824886009
1.4257300876 0.720972556409
1.90339812592 0.993497061287
2.39053199593 1.24793632733
2.87507118424 1.48970375628
3.34060875447 1.78256619952
2.99013983539 2.16921282762
2.44053719287 2.16454647729
1.89390585305 2.22381580598
1.35935966063 2.31262558773
0.844759127716 2.50027427884
0.47616021344 2.89940502154
0.281348940883 3.41276200982
0.130714235675 3.93339737682
-0.0279582111599 4.44324930081
-0.221345278652 4.94019939936
-0.523426797602 4.48501802612
-0.80692800067 4.01374072979
-1.11430103615 3.56974308504
-1.54766374972 3.23315554227
-2.03431337234 2.99795405091
-2.54760170058 2.80052914786
-3.0750344908 2.64519204694
-3.60409672878 2.49518932452
-3.08711240661 2.64012508244
-2.5925790787 2.86191569751
-2.07916303619 3.05859294368
-1.56763587699 3.25926913817
-1.17433356335 3.62204624563
-0.95535536936 4.12494658342
-0.808578844215 4.65481997071
-0.678489154974 5.18095342953
-0.518255874062 5.7069780517
-0.330341971498 6.22385940949
-0.154741404385 6.74506933562
0.0361263781357 7.26083350074
0.243999895177 7.76137378408
0.398337947956 8.28863625543
0.583755387813 8.7973713309
0.815969905011 9.25637358282
0.760295839555 8.74546496445
0.548473173383 8.23995306443
0.478474792912 7.69561959188
0.47021694643 7.14589232278
0.602472868944 6.6241307805
0.969819441638 6.24865338593
1.49040479568 6.0765660372
2.03325634699 5.98848938667
2.5739767174 5.88840826215
3.11117125022 5.77067951852
3.63520894516 5.60408421828
4.12552924917 5.44874425037
3.68889983074 5.75666909739
3.14574671435 5.84064802861
2.60944112828 5.91887651438
2.07922696035 6.03076814183
1.54696711826 6.1330134621
1.03163766733 6.3201128652
0.581488808739 6.61985339859
0.141074406548 6.92173185969
-0.316062165442 7.22754021955
-0.772183200969 7.53482210346
-1.22671704341 7.84446136408
-1.70195216195 8.10148655303
-2.20929906004 8.31377445052
-2.70552795768 8.53152894063
-3.1887752504 8.79374407264
-3.64835945433 9.08074163995
-3.13973857591 8.90938638239
-2.66734965499 8.62918710626
-2.14177724764 8.47290115859
-1.59326786884 8.45050901296
-1.04693709015 8.51169582163
-0.527773376345 8.62737862525
-0.0298699536563 8.82831752906
0.475219661648 9.03356517806
0.976677028463 9.21686522591
1.49442303154 9.40227088705
2.01767518826 9.57043139336
2.54717190005 9.71893875649
3.0625627579 9.88535199513
3.57237176295 10.091382773
4.05613006817 10.3523344534
4.50165659366 10.6608161477
4.07952395041 10.3187500328
3.56611880396 10.1457694488
3.02406479038 10.0587264578
2.47621152365 10.0103847381
1.92690620891 9.98432430371
1.37722906035 9.98994460203
0.849811936718 10.1319281436
0.434626898788 10.4872870047
0.137178492624 10.9398085289
-0.154570227818 11.4052951485
-0.572066305572 11.7569400535
-1.07282176714 11.9841200868
-1.5484270137 12.24326359
-2.08289041451 12.364823951
-2.63222564513 12.3650101012
-3.17290748959 12.3747380896
-3.67828657258 12.537726973
-4.10885060584 12.8757179598
-4.44150646427 13.3124878243
-4.11801265124 12.9225267827
-3.72815428146 12.5386072609
-3.21977685112 12.3364866589
-2.67468833259 12.2658565545
-2.13216064382 12.1767776447
-1.59422452527 12.0624367829
-1.06393506276 11.917033418
-0.569284178165 11.6993070738
-0.166293063581 11.3289397638
0.14659765618 10.8768234051
0.456159111136 10.423031822
0.900985767266 10.1231186646
1.43880206653 10.0197573451
1.98866593662 10.015831238
2.53851371528 10.0057995509
3.08824088369 10.0197626906
3.62753128074 10.0726638346
4.16799067462 10.1729543198
4.68630569636 10.3311920609
5.21390235173 10.4863749222
5.75741019993 10.5596087973
6.28905537599 10.4677726514
6.78186836021 10.2252671982
7.22281735964 9.92771900498
7.63289776229 9.56771062502
7.98884527969 9.18598830796
7.78381974266 9.67717279601
7.37467753344 10.0446892274
6.94877140429 10.3923399049
6.52115923646 10.7253686506
6.09744473103 11.0633293999
5.66822891907 11.4071619552
5.25682774534 11.7599892376
4.8331293059 12.110459003
4.42793891105 12.4457875041
4.01020357118 12.7911126943
3.53746480522 13.0637877827
3.04168714619 13.1511405484
2.5510986711 13.3472369259
2.01370782924 13.3711132078
1.46797083262 13.4363832344
0.935914615791 13.3532280443
0.53582358996 12.9919542821
0.399767785253 12.463557061
0.391857147495 11.9137055414
0.374580137854 11.364002263
0.352674809337 10.8144679525
0.330138740448 10.2649697919
0.323702125302 9.71509704377
0.303166878727 9.16558528519
0.294623753595 8.6156764215
0.311756575016 8.06608743842
0.358416587299 7.51810702366
0.482531315575 6.99146135435
0.734086965692 6.50569995851
1.17798668531 6.19232213143
1.69873233671 6.0433659147
2.22067781589 5.93174417995
2.74680044992 5.77163100005
3.26964596827 5.60096290113
3.78903494153 5.42013003397
4.30791047582 5.26413707551
4.80181407516 5.04146284115
5.32757101114 4.88091242795
5.8378947881 4.67594055325
6.35811381288 4.49771637018
6.87573787904 4.33706919149
7.40639648807 4.19371788053
7.94377954084 4.07688395396
8.39996219361 3.83805115363
8.656308545 3.36146982688
