0.0267177775853 0.534534751151
-0.100557943197 1.05262796886
-0.158461332884 1.59933034936
-0.23248486749 2.14423353725
-0.327410361962 2.68580224421
-0.427551264241 3.22656529365
-0.562838794914 3.75952637252
-0.726732764051 4.23549136499
-0.388665566314 3.84509603261
-0.0861485753065 3.40203703033
0.249696683991 2.96654132639
0.63315358032 2.58595680277
1.1207133398 2.35585980665
1.66376016463 2.27555134366
2.21364147493 2.26700785704
2.76356517581 2.27275451498
3.31329478607 2.28334082359
3.85490712454 2.26393516697
3.30878186445 2.21029959269
2.75886969808 2.20322719219
2.20977366084 2.23088897013
1.66303959071 2.28928756441
1.12958554609 2.40908222474
0.683330649083 2.69971947153
0.389408363142 3.16429278584
0.214540472046 3.63656689608
0.0452372761039 4.15131173928
-0.153712559053 4.66404349818
-0.37667852444 5.16243947458
-0.610888966047 5.65560999287
-0.858037699814 6.14239689569
-1.13767605144 6.60660937573
-1.44157996889 7.06499914412
-1.74741995466 7.52211836345
-2.04902790515 7.96278002232
-1.76682065143 7.51595352445
-1.5491713917 7.01581674349
-1.30477717871 6.53205560299
-1.07958643366 6.03141842495
-0.891977255474 5.52608433584
-0.714855749332 5.01810496642
-0.534077586028 4.51820192471
-0.326798630803 4.00923535881
-0.0729392434706 3.52133449135
0.188231320777 3.03739473054
0.526234560065 2.60668253889
1.00679210514 2.34962588909
1.55007841151 2.27151857306
2.09971264608 2.25268191766
2.64941145418 2.26092382884
3.19625457823 2.31862988377
3.7398615232 2.40223467344
4.27268831916 2.51897308809
4.76183327248 2.74975719671
5.22229964086 3.05038591967
5.67982353008 3.35560536829
6.13777110656 3.66007081734
6.53877637534 4.03293525709
6.87974873228 4.40287862737
6.48960941925 4.73320479734
5.98127103678 4.92016597127
5.47531278265 5.11409500649
4.94180909206 5.24694065776
4.42587246964 5.399060097
3.89321238815 5.53578148261
3.36215105136 5.67514318239
2.81635794646 5.74294755261
2.27266413702 5.82544331739
1.75075608447 5.95488084602
1.22942454995 6.10275860271
0.748172604167 6.36431694155
0.285066817316 6.66098096472
-0.172614215356 6.96585796674
-0.639449705226 7.25660051752
-1.0916199255 7.5549637956
-1.57407271688 7.81827473653
-2.03153619306 8.12351278054
-2.48446813885 8.4211547615
-2.89714236381 8.78085867154
-3.16198058299 9.25245789528
-3.37090040041 9.70674922438
-3.61753509099 10.19383217
-3.88772181713 10.6728683544
-4.16017534474 11.1505684185
-4.42701539717 10.683187111
-4.44557094932 10.1338490318
-4.47886154845 9.58486416636
-4.51537387741 9.03609807364
-4.54537071094 8.48696115914
-4.58125303086 7.93815094776
-4.59536681148 7.38848364202
-4.65473467967 6.84173616897
-4.68735970503 6.29273080576
-4.720196329 5.74371501053
-4.74620082277 5.19433110065
-4.77798498927 4.64528121793
-4.82635452042 4.09744794108
-4.90243187843 3.55279231787
-5.0256390039 3.02595154427
-5.02957423329 2.52538130809
-4.7440313919 2.96304191081
-4.69021425139 3.51030006812
-4.61204129535 4.0547050448
-4.53111611579 4.59057757683
-4.47394037196 5.13756754682
-4.39743642966 5.6821979974
-4.32364212945 6.22721326049
-4.22926710413 6.76895519064
-4.12701118548 7.30932929455
-3.91532791769 7.80624949427
-3.61355345286 8.25594955993
-3.47594305607 8.78811089822
-3.31265199951 9.31325032315
-3.16703228203 9.84358231467
-3.10210152099 10.3778785774
-3.19323887981 10.8777181531
-3.04480243754 11.3951978647
-2.65979437261 11.7720912209
-2.17368987835 12.0193774295
-1.6612299406 12.2177072167
-1.14598685888 12.3847718757
-0.672107784189 12.6613445244
-0.307201243513 13.003519295
-0.100581258662 12.5319797938
-0.0180099762303 11.9884206506
0.0943771765912 11.4582256993
0.236039001111 10.9309375006
0.444651625188 10.438350294
0.869982557348 10.1222671244
1.409119241 10.0262618811
1.90915955007 10.022193617
2.4264329038 9.98377376397
1.89966995747 10.0674782663
1.39787880567 10.005128899
0.868415964738 10.1250913518
0.524540067799 10.5281894929
0.434618111099 11.0221644722
0.453334799325 11.5667153904
0.454907772032 12.1161321008
0.458341443609 12.6164422001
0.666686157566 13.111651411
1.12402385532 13.4080325829
1.60902319401 13.5336271573
2.15605040138 13.5653855767
2.70529522476 13.561202225
3.25261801505 13.6137123003
3.8018049302 13.6414581091
4.29399114652 13.7420403379
4.72461393446 13.4362593201
5.11585509854 13.0501453226
5.5428709018 12.7173330523
5.97555858171 12.4594062519
6.42603227338 12.1857846763
6.88218559409 11.8787911498
7.34689296851 11.5998628216
7.72108280518 11.2404773564
7.78527746105 10.6990975315
7.96298430145 10.2063737892
8.34367054495 9.84110960934
8.65502187439 9.42798499337
