0.467535305193 0.214998185874
0.943908851577 0.489750730779
1.41218340283 0.737927901748
1.8998327438 0.992216971407
2.37846449253 1.26304714922
2.83224947062 1.57368804107
3.28991768307 1.87869542257
2.83033389768 2.16036661245
2.2807827622 2.18225043224
1.7334076448 2.23489286338
1.19175614544 2.32707955405
0.7026890316 2.56923519305
0.386804195711 2.9969755832
0.257001298372 3.53046892996
0.185142696781 4.0676715095
0.0942862961714 4.61009678008
-0.348330382116 4.30922543381
-0.722269840969 3.90597117208
-1.15810405023 3.58940952221
-1.5574246343 3.25244348177
-2.0399322471 3.11593510923
-2.51396452076 2.86234331548
-2.98787170064 2.5832261143
-3.46804918657 2.33462431867
-3.03058979065 2.58723589506
-2.53134694622 2.81798662853
-2.04561211763 3.05836524491
-1.55839641342 3.29322055947
-1.14550121069 3.64914772961
-0.934962731674 4.14240094436
-0.794156052589 4.66986097839
-0.659801582536 5.19489301464
-0.504146462206 5.72230064877
-0.329388117896 6.24379512151
-0.157374333927 6.75354222993
0.0111874844985 7.26443719666
0.193059324918 7.75964777144
0.409117862249 8.26514127081
0.715484155767 8.70133176314
1.12656943685 9.0017313304
0.637138195955 9.11896897047
0.129064978154 8.91982076807
-0.362664087093 8.6921390088
-0.877979485315 8.50473688837
-1.42075174699 8.41827049154
-1.97018954405 8.39960631175
-2.50749859867 8.45885510355
-3.01270093047 8.64247488234
-3.48857186141 8.83120085044
-2.98016992045 8.63078828801
-2.45388658276 8.50287072447
-1.90645118342 8.45275963685
-1.35680877385 8.44717805063
-0.813226235083 8.52614252761
-0.306510635444 8.7160276084
0.181757176609 8.93217469919
0.681377369074 9.13021758465
1.17701500425 9.31748723742
1.67185443652 9.50269250029
2.20208122614 9.64807831405
2.73316398428 9.79097111344
3.24887767818 9.94399540009
3.7447150842 10.1690044322
4.20055202098 10.4765632805
4.61501366707 10.8030069682
4.27695949606 10.3832292293
3.75303253042 10.216018238
3.22855193196 10.0817457276
2.68216896078 10.0234336715
2.18223345495 10.009757748
1.64150639356 9.97198451848
1.09555809881 10.0219911694
0.62384383291 10.2903946743
0.282331105368 10.7204684055
-0.00778342124348 11.1874510431
-0.366951856644 11.60218157
-0.81041125408 11.9057386128
-1.28624565702 12.1814394682
-1.76124922126 12.4313767079
-2.29474269626 12.4275407825
-2.80058906592 12.3635660578
-3.34887004058 12.3845647089
-3.86924948557 12.5450241404
-4.34754270785 12.8144509855
-4.74499788485 13.1451886438
-4.26106793098 12.9325021665
-3.82909873833 12.5927550803
-3.33014193441 12.3676480301
-2.78506549619 12.2993965105
-2.2410411748 12.2203307561
-1.69977451497 12.1227367147
-1.16175542954 12.0088328775
-0.652897881458 11.8069043336
-0.25409174593 11.4432413073
0.0472133327886 10.9838195564
0.324516037857 10.509034334
0.721604509432 10.1354385173
1.24460234578 9.97790779982
1.7938662109 9.96992634142
2.34355364313 9.98525169274
2.89351064816 9.9861167136
3.44078022381 10.0358777308
3.97906686431 10.1483640528
4.51149254953 10.2477831227
5.0225975096 10.4278056546
5.55446888975 10.5604293614
6.10160383831 10.5524837181
6.6037750317 10.3751634712
7.08825922007 10.1148610607
7.54881585868 9.84787404457
8.02019672023 9.58866062034
8.48816968058 9.32388281307
8.14207063963 9.69605082748
7.69356530437 10.0125220181
7.25178427976 10.3399289519
6.81825111686 10.6652104551
6.38054474912 10.9982057699
5.93884266596 11.2982522396
5.50593192359 11.6243046667
5.0642204105 11.9382767143
4.63691880593 12.2556786031
4.20922020331 12.6014676275
3.7751971617 12.9392412591
3.29908603207 13.1789225759
2.80921035576 13.3161960528
2.38110717329 13.6192492269
1.83699608398 13.5403168201
1.28839190867 13.5019445279
0.764304876905 13.3488812503
0.416949207101 12.9398646704
0.318338416693 12.4015159787
0.311256799069 11.8518403622
0.265964320328 11.3037223132
0.240171832489 10.7543519049
0.224166387049 10.2048159266
0.225099754544 9.65491075634
0.21435006401 9.10502010906
0.216020652016 8.55503036214
0.220533287584 8.00505070842
0.225993249073 7.45518668847
0.179513915203 6.90721493734
0.155403346551 6.35775707368
0.154969292132 5.80787895914
0.167480670543 5.25803045047
0.193246960674 4.70863699119
0.213544028664 4.15902451988
0.241721578195 3.60987380529
0.375445572228 3.07944239999
0.72862106809 2.71817277702
1.20138028173 2.50667584729
1.69300766613 2.38979694557
2.22791252323 2.45847425341
2.7674167931 2.46613792483
3.27139518705 2.39315785377
3.81946604043 2.43520955871
4.35547652428 2.55262514798
4.83550550302 2.80208153087
5.26466622644 3.13872501284
5.67208279127 3.48391879749
6.09220770835 3.83884802487
6.49932555664 4.20858840427
6.8415384562 4.5861814865
6.66024799914 5.09670447838
6.42985090926 5.55903012946
