0.509609214256 0.175160197266
0.964700932556 0.469329380387
1.45279441724 0.722724019603
1.93110765989 0.993920985668
2.40302049997 1.25983956115
2.88746101144 1.51927581309
3.34977244995 1.81719703386
2.97482140577 2.16140207018
2.42760605893 2.21528856922
1.87967300187 2.26267227257
1.33580392493 2.34293479264
0.827597480275 2.50350150971
0.398144716976 2.82413217514
0.183068569641 3.32411143482
0.0819263444683 3.86467346545
-0.0421741631606 4.39220692097
-0.209961142113 4.87126929888
-0.344083794334 4.37301779542
-0.718058191077 3.969774139
-1.08933577656 3.56410967138
-1.5267981054 3.23411372937
-2.00180341456 2.99034187829
-2.49355352419 2.76249944375
-2.99096523921 2.54725727791
-3.49346757211 2.34427492119
-3.99006936091 2.1523567212
-3.49371173755 2.31915309841
-2.99429852205 2.54939800893
-2.49118994434 2.77161074806
-1.98742065632 2.99227422991
-1.5024139278 3.23216740654
-1.14461241928 3.64313451667
-0.946876523437 4.14660050949
-0.815521512012 4.68059031324
-0.68426020215 5.21463943821
-0.543432325085 5.7461635377
-0.413318364588 6.26389676797
-0.244238582305 6.77877516301
-0.051943703789 7.29405267324
0.140748327223 7.80919014249
0.34438850923 8.31139970983
0.573482931076 8.8113039519
0.0636666712899 8.77155467534
-0.468182760315 8.63146291878
-0.993189948519 8.49701748475
-1.53725718016 8.42170029681
-2.08697849033 8.42867223208
-2.62351243857 8.54216840298
-3.12354978184 8.77017187289
-3.58470439456 9.06760631164
-3.944601039 9.47207835164
-3.46273888493 9.22767490841
-3.05675485858 8.86280507876
-2.58648397535 8.58930457712
-2.05902144589 8.43851836002
-1.51076360025 8.40449530378
-0.973000368837 8.46636988242
-0.446946220788 8.6238840329
0.0462968826932 8.86704907313
0.544208219205 9.10066255624
1.04902932117 9.31857407682
1.55776681889 9.50549752095
2.07697352785 9.67375710758
2.60929895463 9.79461804938
3.13866531565 9.90954648236
3.62468667468 10.1445776521
4.00939162764 10.4991167427
4.34574054646 10.913798194
4.1052757584 10.4680540672
3.62330617271 10.2038584983
3.09851616066 10.043802132
2.5521796236 9.98326294259
2.00374855335 9.94346655479
1.4559115562 9.90003525906
0.931707717734 10.0147202075
0.546631572187 10.3862179118
0.378431961657 10.9060460329
0.344140503433 11.454735529
0.335388881751 12.004664821
0.334602872701 12.5546369215
0.336343161496 13.104631932
0.350511210185 13.6423951564
0.841328079045 13.8672822484
1.38991490949 13.8319400451
1.91808620399 13.8119704792
2.46403439677 13.7689282747
2.97027332233 13.5585073435
3.44213130728 13.2760692202
3.87990917419 12.943805375
4.27575167875 12.5623228648
4.65751362356 12.1776408933
5.04315691663 11.796841684
5.44885773036 11.4255910466
5.86052768627 11.0730643698
6.27436579173 10.7230656886
6.69893633936 10.3798092759
7.12271674712 10.0355889613
7.53496653945 9.7020199165
7.97087807383 9.4267463781
8.37070944087 9.085029086
8.07304133533 9.50944279275
7.61821168932 9.81136212506
7.15206183617 10.103013761
6.66664478322 10.361442086
6.17513003324 10.5585464
5.63936717823 10.6557641216
5.09986540545 10.6176368831
4.57446909883 10.4601335147
4.06212913187 10.2610107817
3.55620099805 10.0902698944
3.04352434245 9.91454471133
2.5243016051 9.73318351843
2.00209668095 9.56059192885
1.49200037638 9.3774552771
1.00755428885 9.15814665002
0.649424145686 8.76525470451
0.561521325782 8.22581682647
0.54430627037 7.67610610216
0.52761772664 7.12639943719
0.513664611296 6.57661166182
0.501500744337 6.02679430605
0.448371967084 5.47943920384
0.380284194757 4.93373698708
0.320886369504 4.38714763179
0.303882521702 3.83745629294
0.328052068721 3.28942427314
0.456368006411 2.77753931035
0.869936317162 2.4292118301
1.40172729719 2.29920254304
1.95105309254 2.27321694494
2.50056649297 2.28784126256
3.04980025575 2.31635481814
3.59616056301 2.37609243317
4.13172058889 2.49913905882
4.62068467931 2.72794105898
5.0240564654 3.09975184898
5.35387361549 3.52971979544
5.67796553674 3.96414192662
6.028278628 4.3877442191
6.50917609368 4.62446416628
6.95430563581 4.85561001228
6.65645639675 5.26338787221
6.1595637247 5.4990886898
5.7055422744 5.77142569062
5.36261988615 5.39178291095
4.81844171052 5.40278243596
4.29646950105 5.57053015579
3.79479306585 5.76724207365
3.26051228359 5.71442090009
2.77056889581 5.48420021565
