-0.00259880850239 0.53676587061
-0.23568355766 1.02608379156
-0.464702073306 1.52612076048
-0.709235438247 2.01859807424
-0.995341731835 2.48826924054
-1.25962564122 2.93645546924
-1.07101094473 3.43590167714
-0.961245986889 3.97444954425
-0.848542390277 4.50452922422
-0.716489780056 5.03017857883
-0.575700646676 5.5618340132
-0.425191247856 6.09073124281
-0.23873876258 6.59958429382
0.151521900753 6.92279358793
0.564392110514 6.57364129766
0.999424346897 6.24034583784
1.52255965526 6.07907886166
2.04756411277 5.98307227129
2.58017299082 5.84604584711
3.1138588961 5.71308978029
3.63631950525 5.58480589547
4.12304107088 5.40727931591
3.7069371173 5.72614177496
3.16427405634 5.81342198023
2.61959440545 5.88939501599
2.08543996989 5.98038705372
1.56033312303 6.11459604018
1.05422654445 6.3030264153
0.615289225995 6.61664158729
0.372428019153 7.10318993765
0.344963235628 7.64952281926
0.426217280669 8.19301854886
0.651605621085 8.69087345307
1.02257943049 9.09012032171
1.45129563607 9.36297844969
1.03110678712 9.08037695958
0.49008425033 8.98820739535
-0.0259605349088 8.7984019622
-0.55268779218 8.64109449048
-1.08138052847 8.52230098608
-1.62814209768 8.47733873805
-2.17685949096 8.51207360428
-2.70395603234 8.63443876241
-3.21617480619 8.81065903155
-3.69363254147 9.06535200156
-3.71456057491 9.61030094241
-3.55150259523 10.1187871539
-3.36896568568 10.6374624214
-3.12751180253 11.1308309665
-2.76021952759 11.5362462826
-2.3154407401 11.8458514513
-1.86021942911 12.1542647695
-1.36886745821 12.4007298755
-0.898941504292 12.6848377071
-0.502039187389 13.0529207953
-0.164598244493 13.4664445996
0.0677932457315 12.989101189
0.087848204305 12.4397449225
0.145925183931 11.8932459323
0.262295157583 11.3558341319
0.344973550209 10.8204534725
0.609532258477 10.3564169756
1.1030817152 10.1316076914
1.65176397958 10.1071135498
2.20149058437 10.0939373409
2.74858160103 10.0385465573
3.28733791468 10.0718513504
3.78084268687 10.3057913227
4.1764197266 10.685790015
4.51910069281 11.1159773661
4.85954403182 11.5252778109
5.37616605078 11.5111439263
5.77513802785 11.1327362869
6.18733789736 10.7808351431
6.60190232133 10.4317041328
6.09035386415 10.6183042059
5.5409277924 10.6233248069
5.0032714013 10.5588645897
4.48363595272 10.3835021666
3.97437952794 10.1763375219
3.45381298988 9.99887461627
2.93211723233 9.82478622557
2.40424898499 9.67038257341
1.88277251071 9.4955906862
1.36710476404 9.30488144688
0.909265351455 9.03574225485
0.603518267612 8.58587820722
0.549918140082 8.05071459664
0.591063347906 7.50253628066
0.663055109162 6.95845714782
0.791619048795 6.42489245739
1.05018415721 5.95244470077
1.5409809031 5.71442897975
2.08801485097 5.69879896526
2.63726082389 5.67481714013
3.17732801894 5.62917038619
3.72009669379 5.54222064486
4.23250264107 5.34836513704
4.62364601413 4.98000020605
4.82953857764 4.47372264357
4.85821577719 3.92583699698
4.86825674391 3.37607876229
4.89877293064 2.83506590932
4.98848805863 2.29263105057
