0.272793665948 0.470077452639
0.400185038692 0.996550523857
0.578956070561 1.50804812973
0.795708486158 2.00455382154
0.507283232899 2.462660558
0.319837852728 2.9783973832
0.160827082033 3.50486979382
-0.017788410557 4.01657377862
-0.255414285709 4.50068233959
-0.540692477848 4.95019084996
-0.608160200978 5.44844994217
-0.814132375751 5.95807197969
-1.04461617326 6.45295174904
-1.31149826574 6.91985603374
-1.58015017197 7.38120383165
-2.11906796522 7.29350326366
-2.63758873719 7.11242654023
-3.12858569785 6.90665047392
-3.5996420233 6.64030547702
-4.00286623283 6.31965578102
-4.04650485089 5.80293134622
-4.31034359231 5.32979451538
-4.55633075419 4.85588166042
-4.61472307434 4.3452716457
-4.68896424721 3.80977002597
-4.7624066447 3.26478906641
-4.82572741 2.71847619734
-4.86504754633 2.16997544987
-4.8528298973 1.62015618212
-4.86087776622 1.07134557007
-4.85533131215 1.61809577271
-4.85080582409 2.16798577239
-4.85323036092 2.70993938987
-4.83544466369 3.2596350112
-4.82986606399 3.80959668565
-4.82260364841 4.35950267964
-4.83186599521 4.9093960108
-4.81849968355 5.45920531756
-4.80850176187 6.00903557712
-4.82565519881 6.55871057791
-4.82312875143 7.10850134374
-4.82176058172 7.65847546701
-4.79913622499 8.207992319
-4.78955797911 8.75790518258
-4.77934819693 9.30780946407
-4.76219375118 9.85752563076
-4.75099454018 10.3990809001
-4.76097547892 10.9409344101
-4.67934435006 11.4370105561
-4.62295830181 11.9827772323
-4.57395454896 12.5305218617
-4.49868603887 13.0670585763
-4.38837958355 13.6058078171
-4.17899704615 13.1281092964
-3.91058784871 12.6819210372
-3.43780465189 12.4207372515
-2.89268905188 12.3644544532
-2.34273928521 12.359457873
-1.79281698785 12.3635537054
-1.24359475663 12.392583526
-0.699034882335 12.4667100897
-0.21483447498 12.6153161089
-0.29915437402 13.1210219322
0.192415332415 13.2663558365
0.728635570394 13.3883676016
1.27499337647 13.4482053781
1.82239249613 13.500430318
2.36932658943 13.5539836796
2.91646281178 13.6092497874
3.4475553418 13.6645846525
3.88636273596 13.3689844284
4.0432913605 12.887348259
4.24366272608 12.3919748219
4.43519845154 11.8768537369
4.66267107159 11.3849158819
4.51529200608 10.9043794417
4.09484127835 10.5563805223
3.6574615948 10.2452883764
3.17638159514 10.0571657661
3.70829180049 10.0538344399
4.23398492166 10.1820092621
4.74130809918 10.3479321215
5.25788152184 10.4831020961
5.80241713518 10.5535131259
6.34346173468 10.4705332109
6.83927022527 10.234881622
7.27745098936 9.93118637387
7.59131968424 9.49569033408
7.34643468586 9.94795623789
6.87134972983 10.2002308858
6.37610472786 10.4299642947
5.86197019747 10.5840081066
5.31859057292 10.582206721
4.79410089876 10.4199578503
4.29838572605 10.2008552756
3.79400800807 9.99180013837
3.28130945626 9.80410105903
2.76250034126 9.62202872074
2.23043307846 9.4828832527
1.69941667 9.33966043236
1.18628954089 9.16754641322
0.748661390902 8.85400272978
0.509238534342 8.36459727262
0.425863000375 7.82148191426
0.413038639765 7.27228190818
0.579337763823 6.75403076862
0.96888259041 6.38439123188
1.4676272736 6.19959541149
2.00875137154 6.10146701559
2.52098360065 5.94048445393
3.0307324667 5.74505309748
3.54842610384 5.55937651891
4.02964494712 5.40420552451
4.51768880966 5.23587091491
4.98623960906 5.01675649535
5.44010074529 4.70621047801
5.88860941649 4.40192606547
6.34520307737 4.16078219616
6.81808516112 3.88785697838
7.32812624475 3.71751831968
7.86823436197 3.69128403843
8.41071375417 3.60067258257
