0.00994396229953 0.544842393698
-0.0843279319668 1.0776117172
-0.14451652848 1.62414272864
-0.235995426669 2.16647527083
-0.33047307263 2.70823587437
-0.458029054543 3.23496236865
-0.592732280799 3.76405479258
-0.738652389532 4.24417901746
-0.37398487901 3.88093316416
-0.0557689058625 3.43266376534
0.273598488264 3.00223305019
0.635487980808 2.60666577695
1.1149780303 2.36029971138
1.65655185822 2.27239071258
2.20633703263 2.26314226428
2.75609968477 2.25189353232
3.30562253008 2.22949075377
3.855513814 2.21866054885
3.32983072397 2.09791690346
2.77996461126 2.10902725295
2.23291371819 2.16129969537
1.70025158582 2.26114433358
1.16746492567 2.39517153109
0.725025712045 2.69652303734
0.437542101877 3.1514623177
0.310788383836 3.67894593938
0.223465449149 4.20783186266
0.0460336757201 4.72816759582
-0.117711291288 5.25291781349
-0.412324556376 5.6860272136
-0.822048258911 6.03509910105
-1.15368939464 6.4586839725
-1.50164845056 6.88438990448
-1.84740279078 7.30165296374
-2.17497706069 7.73333782607
-1.64356588134 7.61866874261
-1.18215615064 7.3193755071
-0.716688052491 7.04185176815
-0.235653224814 6.77521138161
0.234231639055 6.51321315597
0.711449294146 6.27565819275
1.22876610343 6.09318852746
1.76539746748 6.01797350257
2.30528592911 5.91308672482
2.84032789875 5.82826576621
3.3776745543 5.73351457075
3.89818292421 5.56908783824
4.43152962475 5.43644481893
4.9778927674 5.37442365565
5.52701246498 5.34490535697
6.0762794043 5.34085306798
6.62373716255 5.28898098256
7.17039948634 5.22904389498
7.6705904726 5.03701976674
8.12458862293 4.79793110229
7.64681182052 4.96003953185
7.12271590174 5.02910108633
6.59112587118 5.13470623859
6.05033253517 5.23471886507
5.50640484675 5.31583405386
4.97409325034 5.39349574533
4.43444696394 5.49939732207
3.89120055364 5.58498686574
3.34904193119 5.67743797986
2.82088520573 5.82729349149
2.28916281178 5.96210080456
1.75097280565 6.07500969743
1.22272614804 6.19358090307
0.732023766545 6.43927973011
0.273023573823 6.71983969246
-0.192756403688 7.01224753339
-0.674673525809 7.27679551489
-1.16048729177 7.53352130874
-1.6198959454 7.83584730866
-2.08814320706 8.12433539842
-2.54958173005 8.42320750812
-2.90666600573 8.80200232401
-3.181010634 9.27362560421
-3.38816687076 9.77426061515
-3.61578553482 10.2747240369
-3.86715413879 10.7638727344
-4.11131447495 11.2414365975
-4.29697188176 10.7568645927
-4.32280025775 10.2075457841
-4.36050258361 9.65890686941
-4.40366743862 9.11061205833
-4.44956044752 8.56253473077
-4.48127810043 8.01346766316
-4.52349841478 7.46510017982
-4.56309171475 6.91657564416
-4.60342142852 6.36808292472
-4.64679289625 5.81984418808
-4.69939348939 5.27239225719
-4.75241026656 4.72501202772
-4.82152735777 4.179494596
-4.8560736828 3.63071183357
-4.90205837157 3.08278864299
-5.0632683893 2.60354828139
-4.84914069434 3.08786990131
-4.7686062782 3.63192997956
-4.69098916393 4.17641747914
-4.61581104669 4.72122410362
-4.5461624311 5.26676988185
-4.45973869331 5.80991537528
-4.36687525319 6.35200301397
-4.25457381628 6.89038679703
-4.15441030121 7.42707287919
-4.02376039314 7.96118847746
-3.88312979451 8.48047924904
-3.75830328852 9.0155467066
-3.66230127517 9.5528343067
-3.51010079375 10.0811817449
-3.34336011633 10.605258073
-3.19611281135 11.1350470033
-2.85625631986 11.5401210352
-2.38730781572 11.8028339394
-1.88663519411 12.0096119592
-1.38994402311 12.1898477273
-0.923367331279 12.4422306079
-0.5665657767 12.856466158
-0.324395959892 13.2955110819
-0.176438541237 12.8051892123
-0.0814620969874 12.2634664382
0.0289090780173 11.7247359828
0.14937637387 11.1881160522
0.275440638442 10.6612223444
0.58129354856 10.2152143788
1.08156732623 9.99817186452
1.61971060468 9.88472774087
2.15348822453 9.79130893497
1.6995959408 10.0754335537
1.15041586108 10.0659586108
0.650043034695 10.2678993801
0.405772764245 10.7506207296
0.360325609028 11.298038694
0.364521942482 11.8479890973
0.3539526213 12.3978516029
0.451382598809 12.9171919104
0.768349839493 13.3423765102
1.23841222903 13.5909684051
1.75326245061 13.746733848
2.3009067559 13.7873276643
2.84759524505 13.8461208397
3.3966525008 13.8619726684
3.94339364762 13.8030166973
4.45635293032 13.7750713151
4.7960016548 13.3535898814
5.12187139189 12.9220713896
5.49470729104 12.5177538777
5.89978184813 12.1692848539
6.41165610191 12.0582310925
6.91056227911 11.8580987993
7.38187214183 11.6659967546
7.82369514067 11.4141462402
7.98373453957 10.9161056027
7.9941500171 10.3745902346
8.19720871447 9.87766693864
8.58743121891 9.49935684629
