-0.0047383077077 0.535054650809
-0.243310949607 1.03060687586
-0.483558141035 1.52089524257
-0.72956380097 2.00832424021
-0.990510410729 2.49246842043
-1.24586325455 2.93926566624
-1.01741834601 3.4371206962
-0.760485176783 3.92305260279
-0.482873885024 4.39766991399
-0.190787744061 4.86368264933
0.0979951204682 5.3317585869
0.400050988995 5.78157440016
0.712001665548 6.20693672489
0.238450791574 6.45057527584
-0.221094243623 6.73281559182
-0.726627686466 6.94917588328
-1.22034839215 7.17217103147
-1.72072772188 7.38011984296
-2.20552273759 7.60387343282
-2.690571732 7.84568988569
-3.00658992551 8.27823901358
-3.20101444398 8.77656364165
-3.41105300437 9.28049045865
-3.6234131418 9.77913428276
-3.84083524579 10.2842846071
-4.09590469324 10.771521739
-4.33868587197 11.2650136814
-4.57655545405 11.7098235662
-4.41257980641 11.197709472
-4.41507197743 10.6481733254
-4.37750716481 10.0994626512
-4.34835731303 9.55024171802
-4.30714348047 9.00991782554
-4.26190873598 8.46178391681
-4.20399644273 7.91487109383
-4.14472133465 7.36808312054
-4.07085521355 6.83119087557
-3.99871087235 6.28664482206
-3.94810642549 5.74725081974
-3.79761588901 5.22153790025
-3.54954224714 5.66904551336
-3.72765565084 6.17941511137
-3.67634282281 6.72171323553
-3.39134070767 7.18679416073
-2.95651134602 7.51934286665
-2.46264992814 7.68646705144
-1.99635390116 7.96257262122
-1.50984322778 8.20012098196
-1.00958704084 8.4083808945
-0.550552655607 8.67614680434
-0.224744004372 9.10210588366
-0.106944844496 9.63676114951
-0.0777746425725 10.1859477521
-0.0495967833089 10.7351980933
0.00429623800522 11.2825357618
0.0538902349267 11.8302537429
0.13013230604 12.3748087568
0.375609124981 11.898427918
0.341026646732 11.3496134297
0.369496864995 10.8013458837
0.611376253289 10.3166282521
1.07535596365 10.0470508348
1.61912972806 9.98769876246
2.16885377496 9.9744162672
2.7181690711 9.94714159283
3.26476053073 9.99589442769
3.80585153374 10.0927772927
4.30557626031 10.2800863978
3.8723047196 9.97661148702
3.34656218227 9.81538092063
2.81740227647 9.66557698429
2.29955490074 9.50617445121
1.78605018672 9.33282388554
1.26554239972 9.1556338246
0.810505981875 8.8526381699
0.539243585733 8.38051737254
0.462311904375 7.83711877892
0.444743812681 7.28775228615
0.571893406479 6.75659928227
0.943120092776 6.36239756464
1.45159143381 6.15469091743
1.97514754011 6.01572768143
2.5140693072 5.90590004323
3.04915113691 5.81977629951
3.58750221617 5.70748677444
4.10727561739 5.55563925464
4.60087535485 5.32245368346
5.07103607374 5.109673289
5.41419804839 4.71358352804
5.26435791985 4.18609016302
5.12765045251 3.65344859001
4.97582428857 3.12496770887
4.77714789013 2.65486798568
4.96344699136 3.13534057151
4.98566640403 3.68483118538
4.99094691405 4.23459067562
4.89018346466 4.77305073613
4.5837819358 5.21123055315
4.098703791 5.46734937077
3.60043243262 5.6994345002
3.08489216561 5.88224238331
2.54720122808 5.9972057226
2.00235231709 6.07197577972
1.47641683652 6.22258661294
1.06642128829 6.56862473871
0.707818753704 6.98468702357
0.473927714361 7.47718396057
0.422998882449 8.02345584878
0.455297042435 8.57220543213
0.434586818146 9.12171462056
0.426711795251 9.67161407566
0.358414197797 10.2160973597
0.319063254275 10.7638019475
0.330133497282 11.3136555069
0.349620422405 11.8632540605
0.373416119092 12.4126274963
0.522933608404 12.9386424742
0.904840093025 13.3086703494
1.44207320929 13.4071931794
1.96110515683 13.3591270266
2.50105153673 13.3456147672
3.046113464 13.4185709826
3.5791210765 13.4080622796
4.12877515425 13.3904071601
4.67789294606 13.3599223989
5.22781764449 13.351104728
5.77776850729 13.343760499
6.32764464087 13.3352595854
6.87687052257 13.306139429
7.41857175003 13.2953473649
7.71171703656 12.8777877527
7.68152021783 12.3289336007
7.66538382395 11.7792251095
7.62952564778 11.2304232472
7.625682117 10.6805397409
7.60504850605 10.180655173
7.10797131251 10.344193293
6.58781397207 10.4648643427
6.0602880351 10.588833471
5.52165464886 10.6390482262
4.9849447845 10.5795874069
4.49388312452 10.3514973668
3.9927496178 10.1258619885
3.48026660811 9.9265001318
2.98502597372 9.72696147048
2.46255480873 9.55565346003
1.93595339324 9.39705756583
1.42750082743 9.18957615803
1.04895053363 8.79933034416
0.846159450237 8.28941972207
0.614016647973 7.79341095608
0.431993995531 7.27980968169
0.29482749347 6.75135458334
0.137657709692 6.24279802311
-0.0825628198775 5.74769761752
-0.281423327823 5.25210801997
-0.49932542457 4.75598361126
-0.727924572925 4.26632790724
-1.00317074975 3.79109090555
-1.33826279831 3.36565613555
-1.73389354873 2.98390073703
-2.12598659756 2.61601238778
-2.48974571358 2.22018633288
-2.89702501235 1.86267426738
-3.30017864975 1.48857766981
-3.70985616017 1.12163754103
-4.12192365773 0.75736135184
-4.53669510857 0.396174080798
