0.0405922728888 0.498603234936
-0.0381312384924 1.04284016623
-0.128611604534 1.58528122979
-0.208805939661 2.12939073306
-0.304883679423 2.6708492588
-0.429648391738 3.19828463528
-0.564715394636 3.72316542196
-0.711365825793 4.21221005141
-0.289870146136 3.87924525784
-0.00921748119874 3.40651172057
0.304360250328 2.95474660515
0.691958285818 2.57956096391
1.19809040104 2.37341701734
1.74520919802 2.32565359886
2.29512290672 2.3337527283
2.84500675167 2.3450095266
3.39460737219 2.33932779106
3.9429824435 2.30105552128
3.4357119171 2.4096763944
2.88580435027 2.40569381444
2.33604636709 2.38959163652
1.79408852637 2.38331116168
1.24659545016 2.42402103511
0.74533989766 2.61936424768
0.400121632669 3.04015202025
0.212208069887 3.54804513054
0.0194518804128 4.05883855301
-0.186700983276 4.56430113099
-0.41872014205 5.06293264122
-0.649889166132 5.5619828487
-0.900151986829 6.04269514464
-1.1742768717 6.51943932861
-1.48507641329 6.96328967783
-1.80042492836 7.40405256832
-2.11415169683 7.85090134104
-1.82176897741 7.44073505677
-1.5480453797 6.9637593362
-1.28236853123 6.500573365
-1.03935375703 6.01618914027
-0.844481274792 5.51086551186
-0.665342109359 4.99939977837
-0.48191515362 4.49789393454
-0.2732210919 3.98919570958
-0.0444014437689 3.48910529212
0.215360613912 3.00453563444
0.573399394087 2.59027856022
1.06096786095 2.37277420303
1.61027127752 2.356661224
2.15982577617 2.34716614202
2.70968688014 2.34450829998
3.25934540965 2.36374036121
3.80100260127 2.38293222381
4.33447956168 2.46954737852
4.82735690703 2.69093852704
5.26910564528 3.00471242447
5.70400398271 3.32749596411
6.17170684007 3.6164661553
6.60482419402 3.92879700612
7.03172235961 4.24688876691
7.45155771866 4.58909405483
7.0527009308 4.91152433369
6.50904880799 4.99429386087
5.96666629513 5.08497692275
5.43360924075 5.18243855855
4.89825693411 5.30694052279
4.37758519744 5.48303776833
3.8480263088 5.5922789291
3.35446635808 5.78884814034
2.82952590554 5.94759760362
2.29455938877 6.03377741267
1.76787834048 6.16151342331
1.25172969267 6.32481398273
0.782391313311 6.5945699149
0.322056267504 6.89552908412
-0.134057794074 7.18830403668
-0.6420533249 7.34839285759
-1.14992004609 7.51775165078
-1.62848805634 7.77195491914
-2.11749591734 8.02302402747
-2.52350798541 8.39290508066
-2.87488437231 8.80509995476
-3.13592103622 9.27901535757
-3.35060712132 9.77668107042
-3.56451263418 10.2746845666
-3.78764163193 10.7686120896
-4.06509556208 11.2428194276
-4.33525432786 11.67134642
-4.38196033671 11.1564968042
-4.43126010893 10.6087329048
-4.46911928945 10.0601123239
-4.50393434116 9.51127023384
-4.53486334972 8.96216919416
-4.56736976653 8.41313980324
-4.5878899142 7.86354934426
-4.59136309647 7.31357008169
-4.59220480072 6.76357072575
-4.60704397609 6.21379919961
-4.62609212488 5.66413714858
-4.63756439689 5.11426541401
-4.64535320695 4.56432056729
-4.64935268394 4.0143559605
-4.68890876919 3.47487791723
-4.79931001468 2.93607768294
-4.98396435665 2.46547888574
-4.77500722564 2.92653881643
-4.6695108446 3.45816943212
-4.5399361911 3.98426641735
-4.37823943569 4.50990913662
-4.2007462625 5.03035955694
-3.98878960635 5.53782017096
-3.79393232098 6.05212725829
-3.56842317707 6.53510761751
-3.16432155014 6.88176684381
-2.66988970846 7.12093438259
-2.18927892318 7.38812323111
-1.7103216237 7.64180850644
-1.230072073 7.90976064306
-0.803722953525 8.25286323792
-0.455738671353 8.66725671881
-0.223496898286 9.1634516802
-0.137235907313 9.70573378494
-0.10659314161 10.254792948
-0.0753239081796 10.8037532339
-0.0259796364179 11.3434544657
0.0343488423516 11.8901134789
0.115440446687 12.4340242128
0.219364188253 12.9369071737
0.296337225496 12.4313906147
0.278081367529 11.8817825446
0.297797503574 11.3321856435
0.372504430947 10.7881983977
0.63616461338 10.3141015462
1.127882533 10.0852182693
1.67487260128 10.0311693122
2.22374969756 9.99624858826
2.77206340078 9.95334142283
3.31411543171 9.86373096299
3.84568662945 9.75802778911
4.33903202638 9.65016926102
4.54928567931 10.1330834246
4.55369574646 10.6829152654
4.5843903034 11.2320388052
4.61968769735 11.7808221247
4.65071907589 12.3218930674
4.69501487167 12.8700625073
4.77907412421 13.401114227
5.27008710438 13.2780301744
5.58743422528 12.8298647516
5.92479723531 12.3961859775
6.24476433456 11.9587569039
6.57703332398 11.5305721557
6.91274002778 11.0949116986
7.24281995845 10.6549994883
7.59684071677 10.2341852085
7.95608802235 9.8284198291
8.33464427396 9.50122454034
