0.0181435166672 0.534215827321
-0.064205734586 1.07780165639
-0.133412620032 1.61932942534
-0.2188625401 2.15857805142
-0.328578472323 2.69739336386
-0.463051862684 3.23069691216
-0.605337869039 3.75366106221
-0.756174843136 4.23386029189
-0.380368977428 3.89420860894
-0.0732078979459 3.45743154715
0.253569288952 3.01505847572
0.619131734282 2.62999330135
1.10839118483 2.38564225352
1.65167908845 2.30552477888
2.20042622706 2.26859133252
2.74860813344 2.22452273091
3.29684012193 2.1814002756
3.84552065948 2.14531556967
4.37279153548 2.0722779613
3.84819340742 2.22062696231
3.29941745738 2.24439107659
2.7496980771 2.26133804165
2.20000763765 2.27910633946
1.65074550013 2.30739182043
1.11099160731 2.35299069489
0.627284597378 2.5710704345
0.498564685216 3.08781022314
0.514918868661 3.63744013608
0.548626012584 4.18639532132
0.489776146475 4.73056746981
0.414025511115 5.27384159155
0.43858353307 5.82318028558
0.433155953707 6.37305460743
0.40510937554 6.92230232879
0.393260404088 7.47216881547
0.387516074471 8.02208136003
0.413768144134 8.54895158509
0.541456908595 8.03860206776
0.496476107026 7.49045470818
0.519696582936 6.94268318997
0.75507336624 6.45228650541
1.21170090802 6.15660203104
1.74225848865 6.04907422725
2.28540535896 5.96335859098
2.82478504569 5.8559726084
3.35867843793 5.72425537651
3.87980478095 5.57529086397
4.41144430399 5.43448115273
4.95384112447 5.3475025879
5.5026790741 5.31217824555
6.04958231258 5.25409648264
6.58529620178 5.17509634498
7.11780082084 5.03754170074
7.65073068409 4.90183439564
7.16442819675 5.03604777909
6.62823853726 5.11419458385
6.08528113615 5.20189337421
5.54251949514 5.29060978012
4.99993424459 5.38047058629
4.45187150303 5.42510105264
3.91635264703 5.54679514391
3.39294181198 5.71301490824
2.84835956767 5.78933906745
2.31125792308 5.9060029883
1.77456645668 6.02559153876
1.25069147005 6.16289116819
0.778619537953 6.42294141102
0.479415328549 6.85430574058
0.193062512335 7.32250214263
-0.0120001304375 7.82929075194
-0.0373472243204 8.37636922807
-0.0547929341052 8.92570423995
-0.0781360996273 9.47514703111
-0.101785189877 10.0243759087
-0.139416008003 10.5729594802
-0.150662693431 11.1228267269
-0.13109644874 11.6719120868
-0.0743476132656 12.2189067554
-0.0218875297889 12.7663812957
0.0203485325157 13.2710779465
0.0768052583599 12.7421302394
0.0287232653982 12.1944105516
0.00152428643374 11.6451170177
-0.0375488595429 11.0965126907
-0.0704224625284 10.5475433467
-0.0973073840675 9.99820823208
-0.130708665676 9.44923104167
-0.186443567071 8.90218890504
-0.269229273716 8.35848842935
-0.335749949188 7.81253866099
-0.409054101829 7.26748022662
-0.494337364547 6.72415824348
-0.596089051656 6.18380508962
-0.692557856932 5.65070758525
-0.77472071115 5.10690151269
-0.784080653554 4.558770635
-0.793179073706 4.00926235852
-0.9195474462 3.49378531055
-1.29979825857 3.1322742155
-1.82598986728 2.98001090135
-2.37450132852 2.94607182239
-2.9080559412 3.06219514967
-3.41008501209 3.28668735023
-3.89267891396 3.54980239236
-4.337725292 3.84011392232
-4.15033810337 4.30708901139
-4.02726387747 4.84312173854
-3.94257468365 5.38625015781
-3.85374044797 5.92864663259
-3.68787786725 6.44339945464
-3.37510996626 6.88294496517
-2.93320623838 7.2086954651
-2.59797138324 7.62627452884
-2.22755507742 8.01933108773
-1.82155279525 8.36599151524
-1.36754466935 8.65980966341
-0.831161798782 8.72917919825
-0.414829656496 9.05981353916
-0.231370441208 9.57397409957
-0.175875733474 10.1210389599
-0.0953060509836 10.6650648857
-0.000297587885286 11.2067365806
0.131067169888 11.7407803507
0.229678309537 12.2816771637
0.380423885629 12.7995837518
0.759689932561 13.1869062654
1.24810136571 13.3985023185
1.7908011299 13.4808838868
2.34067853938 13.4895329746
2.86714679492 13.6325779837
3.39153600822 13.7952052432
3.93956165253 13.8356716554
4.489274418 13.8531611136
3.94267234078 13.824100112
3.40518556314 13.7074532985
2.86517575125 13.6042520496
2.3265197833 13.5457425866
1.77942813919 13.4921065749
1.25749864029 13.3244893828
0.808683360948 13.0097093181
0.366300618673 12.7117714779
-0.0787795780269 12.3889646484
-0.518823769743 12.0866013942
-0.987814613616 11.8187691375
-1.53526016765 11.8262456944
-2.08469119799 11.8393250446
-2.63384518924 11.8104349652
-3.17904847338 11.7395410731
-3.72192964847 11.6515446069
-4.25570162294 11.5202051438
-4.75384475375 11.3620900217
-4.24669458956 11.3552796471
-3.70179253624 11.4292525462
-3.17312788934 11.5797446739
-2.65150080846 11.7266693622
-2.11714650993 11.815197851
-1.56868742338 11.8550520406
-1.02007525701 11.8434188216
-0.530225410668 11.6078190699
-0.17292529979 11.1931683309
0.108693283109 10.7300977778
0.457320525198 10.3183612314
0.947771253823 10.0798806491
1.49268542137 10.0117523429
2.04196985232 9.98471461409
2.59186932523 9.97429573332
3.14183038954 9.96850796921
3.69173776853 9.97745610331
4.24164131473 9.98587769214
4.76276714738 10.1256111021
5.28122710973 10.3054151024
5.82851182504 10.3013252135
6.35956514094 10.1610884026
6.87163933143 9.96047095504
7.40282057831 9.81922396656
7.92229070828 9.78221065176
8.09155508217 10.289855701
8.27290475471 10.8088630741
8.46015532519 11.3259349093
8.61808225174 11.8360340198
8.77027633157 12.3420007685
8.85100563948 12.8742479433
8.69144570563 13.3513472893
