-0.00511546280782 0.516315895114
-0.241055055216 1.01305282501
-0.463433725482 1.50729534287
-0.702433797117 2.0026419064
-0.949356693801 2.49406394773
-1.2112556654 2.93488577068
-1.0996890606 3.459544923
-0.956878701927 3.99033446336
-0.822147625787 4.523489087
-0.688824928179 5.04882287522
-0.530749499322 5.56723553969
-0.35159127197 6.07872414367
-0.143931917714 6.57911666439
0.107460737093 7.029918834
0.537020276202 6.76115114698
0.910791229079 6.3594522123
1.38918200083 6.11257292224
1.92837064834 6.00696844451
2.46482050737 5.93021855963
2.98603538902 5.81538536986
3.50160959167 5.62440026852
4.00937216006 5.4354167624
3.55077254229 5.64523225362
3.01924014116 5.74281437246
2.50006641182 5.91929047156
1.95593104587 5.99906245041
1.41950403039 6.11781897383
0.951275326033 6.38257650196
0.668725422564 6.83813695886
0.591253410927 7.38058923692
0.602660287794 7.93028931868
0.719610019222 8.45665564877
1.01357740444 8.91708257539
1.41359102677 9.23714148561
0.996407098554 8.92614563768
0.450521189035 8.86064948667
-0.0864017182131 8.74238553744
-0.614088598155 8.58751163452
-1.14286230036 8.47061361704
-1.68850488577 8.40160581108
-2.23706164437 8.36478768808
-2.78703860692 8.3661545498
-3.33555242944 8.40222835516
-3.8416242704 8.48382714193
-3.79755548208 9.0170963063
-3.69578614849 9.55746393879
-3.54112016707 10.0768070926
-3.37236806448 10.6001987802
-3.17685848157 11.1131971022
-2.84637422228 11.539886664
-2.43403535891 11.891165567
-1.99890027197 12.1581844007
-1.47756713436 12.332804454
-0.974768678066 12.5313510438
-0.564199344525 12.8811613009
-0.29073851656 13.3311922117
-0.390905853181 12.8377770016
-0.852118597849 12.542455125
-1.36843824052 12.3829161302
-1.91610156071 12.3503035389
-2.45734796849 12.3683459667
-3.00678988023 12.3469433841
-3.54369524419 12.450497038
-4.00838158476 12.7398226251
-4.36134883981 13.1500576878
-4.67803277003 13.5898864787
-4.30719737784 13.1905003825
-3.97885387657 12.7502928191
-3.55081160234 12.4374156164
-3.01705556279 12.3197486288
-2.46714711035 12.321132883
-1.91722983079 12.3138859819
-1.37040660389 12.3662837829
-0.843838901251 12.5222030375
-0.34859205455 12.760957083
0.142740240903 13.0081045976
0.625483508121 13.2544912069
1.13600067562 13.4555489376
1.68354952617 13.4824931296
2.23222016178 13.4444339605
2.76846109791 13.3312645063
3.20398808568 13.0530542242
3.6749949196 12.8409163824
4.18531517071 12.6360247014
4.70910493446 12.4684470009
5.16548920855 12.2639203391
5.61978458091 11.9968123088
6.05702046187 11.6765735636
6.51262060934 11.368516877
7.01544119616 11.3417311418
7.32235426879 11.7925569281
7.62505548147 12.251707826
7.94563662112 12.6886494722
8.2829259682 13.123080187
8.6080586029 13.5665622038
8.17848446492 13.3058231726
7.7416311376 13.0086187389
7.29064569671 12.7008524741
6.83778276825 12.3887743005
6.39004281472 12.069360896
5.95001893425 11.7394203757
5.50586037092 11.4151930308
5.06127338688 11.0914347699
4.60643374306 10.7967633509
4.14878726195 10.4917427606
3.69865607671 10.1902397017
3.21688726818 9.96072712205
2.71002416133 9.76938203165
2.19807001561 9.59146300752
1.69077530421 9.42473839261
1.17669577435 9.23037620295
0.749015131534 8.89327357727
0.566350901862 8.3802127416
0.548612776736 7.83090520663
0.531701653446 7.28129193721
0.640613437012 6.74598537594
0.992539850834 6.34257550679
1.50450125149 6.15025013006
2.04684940236 6.05908849964
2.57870569294 5.95473527325
3.11691890027 5.84197058908
3.62260617326 5.64832797097
4.12151068369 5.43659514847
4.60450500895 5.20895248166
5.07653799432 4.93496042748
5.55073852613 4.66440948033
6.00964089499 4.3614068898
6.47805730461 4.07318395385
6.94614457399 3.79224464527
7.41561694689 3.52950145287
7.93106441346 3.38688671092
8.43294749895 3.3320251382
8.73213338302 2.88757387173
8.2380256586 3.00645715154
7.6910124069 2.9524412178
7.14271041562 2.909663499
6.59461131561 2.86462410842
6.05412870709 2.76382321756
5.50672551482 2.71070883833
4.97167022885 2.63114998438
4.45359272028 2.47204643307
3.92610511905 2.31637852101
3.39328619585 2.1800941234
2.86179595472 2.03893537597
2.32960274133 1.9005301462
1.79232373658 1.78298365692
1.25479563825 1.6665679429
0.74104419056 1.49621524255
0.208984137358 1.35719217386
-0.326779180195 1.23351293942
-0.865541636058 1.1450281589
-1.40150648429 1.04133507185
-1.93834777154 0.922052873192
-2.47299150391 0.793882218183
-2.99545242533 0.649779389636
-3.52622502253 0.505652497797
-4.05757324114 0.363659847439
-4.59092757926 0.231251635226
