0.0152721664381 0.505509156721
-0.233944360933 0.986506223902
-0.461298015163 1.48728585025
-0.696931190388 1.9842489807
-0.9457564406 2.47464764485
-1.21656355735 2.92172017641
-1.05546768897 3.40584065126
-0.774006483856 3.8735735633
-0.482475990076 4.33993270308
-0.182489963516 4.79127176689
0.12135411277 5.2495376551
0.413993240725 5.71508965046
0.71554139326 6.14801321705
0.411667831457 6.56363324964
-0.108050829402 6.7430590017
-0.609232039928 6.96944033578
-1.11508759902 7.18509790548
-1.62356868841 7.37266686974
-2.12155444982 7.56533878238
-2.64349023674 7.73857643633
-3.12155559369 7.9048157093
-2.62073120739 8.09206174444
-2.08630477248 8.2195499911
-1.54025861087 8.28215334146
-1.02189444483 8.4250652052
-0.501284692521 8.58902341321
0.014452029722 8.7526863679
0.520910590513 8.94550879708
1.04000212251 9.12722915054
1.56615493212 9.28733963102
2.04692647057 9.44560539426
1.72810917652 9.86449295439
1.19533339539 10.0004627284
0.697882416406 10.2270311809
0.35240168769 10.6403984597
0.0934149697667 11.1255026269
-0.154979205202 11.6162079757
-0.4013991543 12.1079092368
-0.178120949395 11.6432787902
0.0549303908666 11.1541037093
0.302956211454 10.6632266587
0.620581845913 10.2406127433
1.12237709645 10.0288929399
1.66980687749 9.98944471155
2.21928389444 10.0106066386
2.76918734978 10.0124087599
3.30497226524 10.0874986335
3.8007456386 10.3194084929
4.21709589068 10.6774740927
4.62035151084 11.0514724881
5.02258482523 11.4147001169
5.41082766894 11.7479498576
5.12554167407 12.1866163934
4.65194844246 12.4500237896
4.19341149827 12.7536167092
3.74483073987 13.0429044282
3.24069807886 13.2595293907
2.70327161349 13.3727142788
2.15468465392 13.40978654
1.60508172278 13.4301562076
1.05581158334 13.427487096
0.534493029159 13.2881815969
0.0599264378039 13.0110727362
-0.419150356583 12.7409639303
-0.895207139816 12.4992142504
-1.42026201392 12.3407622203
-1.96807582624 12.3000700269
-2.51802972712 12.2953927529
-3.06718145386 12.3194276272
-3.59434931915 12.4663920964
-4.03453581198 12.7629802594
-4.02835529298 12.2478458079
-3.93104064799 11.7068509226
-3.80001247115 11.1727196597
-3.65837501991 10.6412849251
-3.50024335624 10.1313084272
-3.31318901025 9.63716456858
-3.09832958813 9.13547469479
-2.79640441687 8.68695527595
-2.37668977416 8.34689714262
-1.92608313304 8.04577681457
-1.47768737633 7.74131308701
-1.02296121266 7.43194204253
-0.584976596928 7.09948121356
-0.132965304725 6.78622894631
0.322218520942 6.49206060446
0.816088417396 6.25136303858
1.3466132657 6.10980348791
1.89237152435 6.04320418691
2.42004383169 5.96141742273
2.95865209526 5.85046597059
3.48514821813 5.69167902892
4.00869493186 5.52333899676
4.52712573311 5.33972939633
5.00126899669 5.16904772698
4.62978506096 5.52166608584
4.08410317333 5.58955256452
3.54251294457 5.68457784996
2.99693472588 5.75296130808
2.46054401067 5.87345125341
1.9267291484 5.9660182139
1.38103624695 6.03452302652
0.837746010438 6.11980185388
0.304957678204 6.25446321012
-0.218450912193 6.42320523284
-0.747753725663 6.572508277
-1.27008237506 6.7168747049
-1.80925047563 6.82407884733
-2.35784866328 6.8585098651
-2.90767904805 6.8551979019
-3.41781061957 6.70978383658
-3.76702024603 6.30643643793
-3.82344032008 5.77476172567
-3.64281976991 5.29682430829
-3.77590037023 5.82434340622
-3.60864932277 6.34057102985
-3.19624869969 6.69849750314
-2.70612627428 6.94788450291
-2.21169853682 7.18879918238
-1.72852657667 7.45078239565
-1.25280254914 7.72632034507
-0.770780934249 7.97413311831
-0.306624549204 8.26596981855
0.125277691335 8.60590222315
0.572926340732 8.92542238804
1.02231209576 9.21925712298
1.54171970842 9.3798949549
2.06454189975 9.52216612806
2.57488465932 9.72685834024
3.07612284442 9.95167890639
3.59971492812 10.0907712577
4.12270080242 10.2607605712
4.63027560628 10.3773700185
5.15716911867 10.450611822
5.70511290051 10.4628969184
6.24334098916 10.3514338327
6.78402099266 10.2536434429
7.29029105953 10.0418749514
7.75143601627 9.75749908862
8.20566863967 9.44738377941
8.66173830718 9.15480233042
8.31231326532 9.51995329797
7.8303684318 9.76720277187
7.34453610848 10.0249542531
6.86205344205 10.2718241222
6.36562719001 10.4889898358
5.83054759839 10.6082291267
5.28415450163 10.5604595613
4.76285332472 10.3934049721
4.26604589486 10.1777506122
3.75216031297 10.0055726059
3.22681992732 9.84296371289
2.71229606352 9.70034685366
2.19429114293 9.54163775029
1.69609037895 9.32825350833
1.20064458419 9.10877305059
0.766348178774 8.79230552647
0.515435533311 8.30571377855
0.393006104607 7.77047165004
0.341006696285 7.22325865327
0.441250762431 6.6855854458
0.744924794936 6.23511741086
1.24305507642 6.01483202867
1.78465819904 5.91949720245
2.33269966656 5.87615268025
2.87604049525 5.79258039115
3.41158266691 5.6675481163
3.94314274403 5.52745999977
4.45494104214 5.32724338219
4.93777699318 5.06431883418
5.39773792083 4.76297780671
5.85557491065 4.45849944528
6.31709400805 4.15940914746
6.77892929556 3.86818930084
7.24228443699 3.57937099148
7.71228048577 3.29372484706
8.18057187562 3.00529629379
