0.265131933727 0.439616641158
0.392720054194 0.974093441255
0.584908587517 1.48082782173
0.824023448959 1.97555136849
0.90559482444 2.50356694329
0.574805951461 2.93666996008
0.292101592094 3.39640500075
0.117511654869 3.91772080317
-0.0632322879309 4.43704442604
-0.267644051159 4.93881810561
-0.520115485503 5.42741992534
-0.690834768961 5.92135294239
-0.944300509884 6.38179251856
-1.355034261 6.74753262766
-1.76461563895 7.10241160944
-2.15277124081 7.49053695431
-2.54646234655 7.87449952666
-2.93729642451 8.2614102197
-3.21784037925 8.68045670991
-3.34912707723 9.18651659407
-3.56290873848 9.69317187594
-3.76727075178 10.2037638981
-3.97581457958 10.7126255527
-4.18748976823 11.1860778368
-3.72468883698 11.4214808594
-3.21389643503 11.6254060744
-2.70167468015 11.8257083632
-2.19085205473 12.0288541683
-1.66240483538 12.1812155017
-1.14955492932 12.3669472851
-0.725176651514 12.633769942
-0.455396369794 13.067035946
-0.330059162689 13.5747558817
0.197821517254 13.6356913842
0.746733442907 13.6011798764
1.29507962293 13.558582992
1.84407124944 13.5256484765
2.39232511948 13.4823199131
2.91297957151 13.3222664316
3.37253751486 13.0621536926
3.80376012616 12.7225562696
4.17534899808 12.3178698064
4.5064872288 11.938531728
4.93614691361 11.6650160678
5.31099243507 11.2625629126
5.68561559983 10.8820369951
6.12367823047 10.6203656507
6.62229426275 10.3895857033
7.08413482751 10.0913485945
7.46724366392 9.7019587081
7.11918030899 10.1059025987
6.623510946 10.3345898806
6.12240108897 10.5298726193
5.58257481076 10.6201568906
5.03655096663 10.5571434598
4.52000643807 10.4024292326
4.00645738911 10.2085368473
3.47936168825 10.051571631
2.94988853238 9.90279409867
2.41832443906 9.76162909057
1.89202914335 9.63213670749
1.37414616686 9.47311301616
0.895893454457 9.22660294245
0.595791162159 8.77226983119
0.513509518229 8.2390975317
0.490239158037 7.68959963169
0.519953790632 7.14117186642
0.703544887296 6.626922653
1.11056823607 6.27086549936
1.63318576762 6.12960899847
2.18126332403 6.08941357509
2.7275003778 6.02539845701
3.24862084913 5.8600610525
3.75156959045 5.65811659164
4.26409582229 5.49597764557
4.73723711638 5.23787866908
5.1537473442 4.89244597654
5.32886495445 4.37959447893
5.54342874949 3.87341683614
5.78637571198 3.38006159179
6.05633417026 2.93023390334
5.66693090919 2.58859840079
5.11738439655 2.58192679684
4.57034473443 2.52568610913
4.02326883203 2.46977498491
3.47483532168 2.42922714436
2.92596794435 2.39409110382
2.3773336432 2.35622796762
1.82959230659 2.30798280877
1.28034334128 2.32585552078
0.743416139354 2.42231275912
0.220162343775 2.57639889178
-0.326922976285 2.63028068861
-0.874612482639 2.68031121928
-1.41560571296 2.75336558519
-1.95221908889 2.85390275821
-2.49356090697 2.92353810963
-3.03586532395 2.98557912911
-3.57386998341 3.05030924662
-4.1217380004 3.0967634159
