0.012896981226 0.536389502824
-0.0731049176582 1.07887002017
-0.133356442403 1.62551255056
-0.220720493015 2.16846149598
-0.322916116618 2.70885192699
-0.447259202512 3.24459821271
-0.585708089153 3.76856486898
-0.727606827726 4.24807360121
-0.319262322363 3.88727280596
-0.0231771280547 3.43329978035
0.278947686692 2.97377258487
0.642470373309 2.58539687222
1.12904685814 2.35185186831
1.66980027349 2.25773005968
2.2191834127 2.2338991516
2.76782095414 2.19988904035
3.30374725355 2.11914092734
3.84656438133 2.03074058648
4.3760507815 1.96166812426
3.87607084877 2.17526026124
3.32653523365 2.1978338334
2.77689642304 2.21714592917
2.22699833944 2.22751465387
1.67787290719 2.25702339207
1.13198825185 2.32205066725
0.624529985927 2.52345123049
0.334779402639 2.97286596695
0.298141638414 3.52091514564
0.299625307752 4.07086348595
0.32625208849 4.62012628442
0.344363728633 5.16981684635
0.356688402434 5.71967358164
0.392036683819 6.2684420418
0.434319574481 6.81679890457
0.458951916333 7.36622438823
0.475799950674 7.86594045135
0.504321255284 8.41515799711
0.596254473639 7.90175157725
0.52353356849 7.35670329902
0.57705825379 6.81307588711
0.874421296199 6.36749675639
1.36247149712 6.12433538298
1.90644240812 6.04503301186
2.43996120247 5.95043036847
2.96759846399 5.82650379401
3.50224871379 5.69767731119
4.02895435801 5.53949205344
4.55552410763 5.41290940366
5.10135690579 5.34566840493
5.6488122278 5.29349572741
6.19878103525 5.29039691525
6.74873874339 5.28361388062
7.29873159682 5.28293594693
6.76401913693 5.35270065383
6.21419502473 5.36225084747
5.66436965221 5.37441574484
5.12246314047 5.37996958981
4.57596940393 5.43946383003
4.0369113968 5.5476181545
3.52058440204 5.73350055427
3.01382905139 5.9110550173
2.4645717842 5.93931362878
1.91583286346 5.97629325018
1.39166077007 6.12470069028
1.00287976368 6.50680475034
0.809253757623 7.00937606684
0.759226386915 7.5487755576
0.750719489861 8.09864630045
0.737370995011 8.64844814119
0.639322973198 9.18872333316
0.566195579016 9.73379583617
0.488892808041 10.2783246694
0.447808907816 10.8265500839
0.408290125251 11.3750009094
0.360690722684 11.9228480529
0.326625770684 12.4717809491
0.284790430885 13.0201714916
0.219359807895 12.5099260734
0.177203819074 11.9617304999
0.122348645367 11.4145054091
0.0911014433468 10.8654161897
0.0376624349097 10.3185460698
-0.0797812461469 9.78156312007
-0.142590176504 9.2351907234
-0.206940626519 8.68926224031
-0.228084495754 8.13993453292
-0.284301624678 7.59283996487
-0.338739416716 7.04555542095
-0.484361772567 6.51639721156
-0.590345166155 5.97763421353
-0.686372012589 5.43612275561
-0.769316218347 4.90052511083
-0.881456646922 4.36216468546
-1.0713056297 3.84879669031
-1.45950008749 3.48100984265
-1.98887294271 3.34509698933
-2.53491089618 3.28186182433
-3.08348628413 3.24702375788
-3.63147777416 3.28416219022
-4.16841795691 3.35726666056
-4.69726190527 3.41655130076
-4.69440302245 3.95359784787
-4.54136444699 4.47280510785
-4.34768353242 4.97900165751
-4.15965851307 5.48717977909
-3.96788441357 6.00256951068
-3.82026126731 6.53096399221
-3.67554398365 7.05856286328
-3.31981738659 7.47168229094
-2.85848747042 7.7708663042
-2.40439046127 8.08116708851
-1.95118500631 8.39277099246
-1.49666642937 8.70246740186
-1.03336440388 8.38235023683
-0.613349331743 8.69213811451
-0.474203967649 9.22388762526
-0.331328107225 9.73832178974
-0.214754152411 10.2676137336
-0.0843269384728 10.8017970105
0.0202164459427 11.3412539329
0.169397953757 11.8617297292
0.276520977761 12.4011713761
0.445019604436 12.9130184871
0.848939152099 13.2722718453
1.38356259743 13.3890739041
1.93335007304 13.3900354049
2.4831510103 13.3762638136
3.03273830651 13.3712359793
3.57851692077 13.3035341675
4.12045877809 13.2098013667
4.65699152718 13.1334258445
4.13025262283 13.2728000507
3.58732429987 13.360114016
3.04637388515 13.4594588257
2.49911872855 13.5067045898
1.94941544849 13.524700257
1.40003118476 13.5143957577
0.872153982434 13.3971759514
0.374392250919 13.1641122799
-0.109819717434 12.903363023
-0.577921423183 12.6301616606
-1.07068053607 12.4109010464
-1.59625092017 12.36364562
-2.14388199144 12.4111367182
-2.69379849746 12.4200823869
-3.2437413907 12.4230286129
-3.79335791918 12.4257581159
-4.32814596588 12.5321939357
-3.81927305461 12.4852028995
-3.29148693563 12.3318325881
-2.74409116568 12.2890503292
-2.20433224583 12.1901634594
-1.6684972654 12.0662274601
-1.1499763868 11.9093672758
-0.692451785246 11.6243494409
-0.353852670291 11.2031042881
-0.0843864241011 10.7237396093
0.178090596794 10.2500033357
0.614938897921 9.92875149867
1.14769648027 9.81748011409
1.69288450689 9.78858911112
2.23783184433 9.82045368539
2.77659189813 9.93088652947
3.31551592935 10.0399566403
3.85485552337 10.1465343415
4.38149677557 10.2696751498
4.88928540334 10.4589004456
5.40705086396 10.6181518288
5.95461257183 10.6139386172
6.48755057804 10.517735889
7.02774179426 10.414824185
7.5673736042 10.3086966605
8.05388488994 10.1920486538
8.30039543374 9.73648709575
8.23593682237 9.2177983024
