0.259443156242 0.474047575988
0.379977986597 1.01022111568
0.570856916193 1.52587247443
0.785991522376 2.01872595626
0.820823685858 2.5275254077
0.498484981688 2.97282816575
0.262888898952 3.4686082124
0.0972797335925 3.98462485504
-0.089719318488 4.50141518418
-0.302104568602 5.00006791384
-0.517436083018 5.50610696887
-0.622576572681 6.03528811407
-0.974790952741 6.44310791346
-1.37805049383 6.81709580121
-1.77689476363 7.18407430179
-2.18144100962 7.55664849987
-2.57598613969 7.9280865102
-2.96791457504 7.57088116963
-3.30315478034 7.14511360737
-3.62457078426 6.69881001126
-3.91162182953 6.2305377972
-4.15878713792 5.73943305421
-4.43772196101 5.2700777304
-4.47517601428 4.75069891138
-4.58084534325 4.21117148206
-4.66092679626 3.66706441271
-4.74631094071 3.12379169755
-4.82262001636 2.58319941153
-4.69810672691 3.11002989536
-4.61438787391 3.65360912272
-4.54245216032 4.1988560662
-4.47302216963 4.74442359854
-4.40965036296 5.29074590157
-4.33010654379 5.83491712881
-4.26026103399 6.38041720265
-4.11989844352 6.91177404723
-4.02674819925 7.45372250205
-3.91075958005 7.99126988637
-3.79630523832 8.52919445597
-3.66532562677 9.06336573597
-3.54154027235 9.59083074844
-3.42858854742 10.1208724439
-3.32233714139 10.6523180586
-3.15490337183 11.1748468051
-2.85224483811 11.5738066226
-2.3757996439 11.7545877673
-1.88753271247 11.9874012023
-1.41009770711 12.226488638
-0.917316452603 12.4703873454
-0.449966330631 12.7600873465
0.00582071915578 13.0678762888
0.451777252396 13.3897259846
0.974715321015 13.5364687585
1.52398804651 13.5468576323
2.06734394186 13.6317563976
2.57087433017 13.7500448403
3.03694282376 13.4696035241
3.46264868931 13.1352274492
3.82823354458 12.760893481
4.13550997534 12.3063206886
4.41619296407 11.8521576178
4.52806268492 11.3530526469
4.21441734117 10.9025245271
3.88482337161 10.462382909
3.52314315997 10.0871864803
2.98290287313 10.1022701195
3.49058228107 10.134578332
4.03148900745 10.2325110081
4.55503454231 10.3673733444
5.08543292043 10.4876201857
5.63020041977 10.5184167146
6.17761572056 10.4709273924
6.71000290307 10.3694373798
7.24682896187 10.250292749
7.75458136362 10.0404997431
8.27021163102 9.84965778906
8.74083794797 9.67485837091
8.88425688371 9.18188785671
8.42557255476 9.46003456883
7.94386523851 9.6902590994
7.46230617149 9.95575829253
6.99035792012 10.2221853347
6.50607331468 10.4652926383
5.98977836833 10.6251197692
5.44640060894 10.6690273211
4.91342984414 10.5735000583
4.4154656507 10.359508226
3.90633129977 10.1517949711
3.38876007357 9.97809705862
2.89607479669 9.76732701723
2.38833984733 9.57855843488
1.86259662676 9.41708847295
1.33882860768 9.24928812404
0.849205297199 9.00483780891
0.539083956849 8.56019865512
0.478188834691 8.01641406674
0.483401889441 7.46658399731
0.575160275814 6.93351251991
0.818683661574 6.44482688224
1.27387930301 6.1493370296
1.8131904437 6.0458307593
2.3548667182 5.95075352294
2.88791715067 5.85293795607
3.41394334732 5.72344291734
3.93834329489 5.58673873701
4.44999186247 5.44766137935
4.93042318018 5.18035913414
5.39418444491 4.89995267135
5.85433312781 4.66935601628
6.35633523181 4.45309881221
6.83038450853 4.17437316058
7.29979049251 3.88775514068
7.78105913538 3.62187380705
