-0.30679395176 0.436802316331
-0.797431510245 0.666666362949
-1.26047835597 0.948093250711
-1.72195493265 1.23948114657
-2.15728462599 1.56233277584
-2.58838557842 1.87473125302
-3.00656189453 2.20521278837
-2.65805142228 2.56692801339
-2.17810434356 2.83552229919
-1.69616581675 3.1005267657
-1.2295889688 3.38314345032
-0.825895419878 3.73558146662
-0.467861421894 4.13170460392
-0.108797909318 4.53769997594
0.225366872779 4.93651773795
0.408018998998 4.44188895359
0.332949085579 3.89722628966
0.311999336962 3.34790743154
0.443177327135 2.82693074299
0.817819944717 2.44620464991
1.34226691253 2.28941322065
1.88895471539 2.22957522879
2.43016130446 2.15756759129
2.97085642712 2.05755459013
3.50724854871 1.93604278603
4.00299931783 1.79707999397
3.52641219908 1.98147647017
2.99135270845 2.03701866939
2.44896384622 2.12756883344
1.90607425731 2.2156422877
1.37912825127 2.36708520784
0.969481390886 2.65493408488
0.599502892392 3.02591814336
0.144206229397 3.28158608337
0.0504617515596 3.79803553484
-0.15458493198 4.30783519829
-0.360066671179 4.81369132764
-0.561156220724 5.31269464195
-0.789932370612 5.81264218641
-1.06283004871 6.28962968481
-1.46034523641 6.66285090075
-1.95907949348 6.87255071534
-2.46823573893 7.0462390967
-2.9662088371 7.24896971965
-2.55244796304 7.57121491771
-2.06550630428 7.82680434285
-1.57715525243 8.05249993165
-1.0824343759 8.29279796246
-0.594477488504 8.54654253679
-0.114219989799 8.81443055874
0.352679057537 9.10510857982
0.825884118472 9.38533120475
0.456280401561 9.02968991071
-0.0174456886816 8.75057022918
-0.504136824973 8.49439758251
-0.98773182722 8.23248021561
-1.45091565676 7.93642969456
-1.92648606771 7.66079882583
-2.39815184324 7.37806060118
-2.8647726286 7.08693415935
-3.30888181056 6.80081770609
-3.66295111828 6.41658214138
-3.79367625209 5.8897039167
-3.6662400873 5.40259316059
-3.79919845355 5.90816853019
-3.50542706827 6.3379902302
-3.12037092891 6.68890274099
-2.70041532317 6.98248405566
-2.2218189565 7.25348969372
-1.8264784757 7.61143183597
-1.41670173246 7.97147333779
-0.991025799131 8.31975193771
-0.580075962744 8.68478562971
-0.282045763895 9.12367423742
-0.125779345183 9.64552346712
-0.0873835099109 10.1935923768
-0.0964882596259 10.7434602153
-0.198015340075 11.2812241583
-0.564942613738 11.6730877592
-1.09607872221 11.8111131731
-1.58508376835 12.0057865943
-1.05734237513 11.975285773
-0.567487006208 11.7324974405
-0.200237030517 11.3439846769
0.111428445464 10.8910474807
0.426637164419 10.4419968152
0.872844142548 10.1270396092
1.40624832034 10.0017798602
1.95546220651 9.97491974803
2.50454607519 9.94437712322
3.05187731714 9.98716571431
3.57728559052 10.1450888378
4.0360275075 10.4314222785
4.45061067698 10.7679151523
4.85798913072 11.1131241614
4.56297649894 11.5179642047
4.3089342047 11.9967363426
4.03081779544 12.4711384958
3.73576878819 12.9254281417
3.3472877034 13.2943004294
2.92402026955 13.5926574043
3.38601125534 13.3054256824
3.80564045439 12.9627781248
4.2427841033 12.629170802
4.66111085695 12.2845551024
5.08156390497 11.9362770178
5.52363360379 11.616370347
5.9544017872 11.2745212272
6.38594241907 10.9400448997
6.81071301946 10.6034087813
7.23500363697 10.266159158
7.66027324142 9.9237323577
8.08527184392 9.57463750968
8.51298552766 9.2288972945
8.82616575844 9.65168792728
8.82552672794 10.2014834576
8.83962179354 10.7512997146
8.83466637479 11.3012210207
8.82981577562 11.8511971327
8.82885982868 12.4011963019
8.82477011928 12.9471570371
8.79866023141 13.4883917706
8.27651777756 13.3855190237
7.83941821914 13.0591166826
7.3892682147 12.7432541634
6.94558005066 12.4182794396
6.49634797331 12.1011150925
6.04826724602 11.8033513422
5.59045511664 11.4985532228
5.13729993775 11.1868657569
4.6774229252 10.8852451391
4.22469724777 10.5730867949
3.77656192769 10.2543772369
3.29201767017 9.99511534995
2.80302969301 9.80153211433
2.29354234788 9.59457104329
1.76981408903 9.42688114529
1.2726409613 9.28196645888
0.791994543825 9.01980904989
0.503655025968 8.56261542103
0.443840991925 8.01753927471
0.406372928544 7.46900809528
0.498212511195 6.92877058307
0.737811894878 6.43691150732
1.17940307326 6.12223952467
1.70399652208 5.98963503374
2.24015236514 5.91033345883
2.77934152158 5.8021347494
3.30680875234 5.64763887608
3.81341675122 5.46658985175
4.26481835528 5.20664074621
4.71387333695 4.97610811661
4.80978228689 4.48495913278
4.88152471506 5.00584220867
4.43233193738 5.31231373534
3.91746821708 5.50293408139
3.38102877532 5.62004869236
2.88157533512 5.84821589422
2.34317754621 5.95694438184
1.80626410899 6.07396178677
1.29952884857 6.2621259524
0.825016281668 6.51911166258
0.365625097668 6.73557007672
-0.103369870104 7.02243496975
-0.562656512123 7.31018373788
-1.02437126943 7.60902765071
-1.49007953708 7.8856182057
-1.96487278549 8.16308127027
-2.42688004812 8.46146952391
-2.85269077126 8.80526221213
-3.10890164378 9.28832882707
-3.22852015262 9.82441924328
-3.33558656514 10.3555445747
-3.46561864841 10.8899497254
-3.58909197128 11.4258931021
-3.72840349005 11.9579230963
-3.88958972743 12.4837608529
-4.06132393969 12.989343109
-3.99895646026 12.4664706751
-3.88254901993 11.9291321132
-3.7641827429 11.3920412048
-3.62861617611 10.8590524305
-3.49570036946 10.32538222
-3.33732806253 9.81138051051
-3.16518882729 9.29324332081
-2.93692825448 8.81691639361
-2.54319962261 8.43606726697
-2.08401564563 8.13377477795
-1.61487432917 7.86253963105
-1.16137330153 7.56577102622
-0.69757497007 7.27026994937
-0.236846709858 6.97749552536
0.238373358931 6.70066990327
0.692956520906 6.39195528186
1.18096559476 6.14520231908
1.71188200756 6.03901887246
2.24720330396 5.95602412168
2.77452151567 5.83093430438
3.30658185051 5.69293558996
3.81132149065 5.49550128504
4.31148242541 5.26817136177
4.77616640464 4.97412283941
5.23156668061 4.68025376596
5.69819135134 4.39674883095
6.16734444763 4.10972890773
6.63157562626 3.86599547185
7.11028415008 3.59521332769
7.59266670759 3.33105971629
8.0805525969 3.07721217623
8.5682937193 2.88971872798
