-0.275706651487 0.446769001731
-0.758291525543 0.671004854029
-1.23248423948 0.94960274302
-1.68788171373 1.24331288572
-2.13991327469 1.54228137629
-2.58119972708 1.87050810262
-2.98494132662 2.18723114336
-2.64499478498 2.55745163281
-2.17904964492 2.84965340319
-1.69983642197 3.11937822006
-1.26838088825 3.44351171046
-1.00932584152 3.92361103822
-0.881872304179 4.45825624472
-0.74805398637 4.98297170007
-0.562447612023 5.50063914981
-0.1397893251 5.80527724891
0.407286700651 5.75184042838
0.954556432201 5.69775203999
1.50133524508 5.63852927998
2.04937201559 5.59240336909
2.59694620301 5.54082340534
3.14465741588 5.49092215893
3.6919021725 5.43598994994
3.29047562334 5.79348820619
2.76558236786 5.92718024565
2.23556766039 6.07166316772
1.69866969318 6.14502035807
1.15694781101 6.23648437875
0.608779292002 6.26259096139
0.179771731541 6.57934547075
0.264652616619 7.07275312076
0.426531916597 7.59091616555
0.466205626246 8.13914545726
0.64712006634 8.65444113612
1.00447743125 9.04805529769
1.42083538371 9.34488352901
1.02094977388 8.99882327769
0.505830609689 8.80807864079
0.0265377261014 8.53900694207
-0.45642295177 8.2942168633
-0.94067682653 8.06938953509
-1.41418219663 7.82257966692
-1.89057631065 7.54781697697
-2.38267938003 7.30224669295
-2.8685961714 7.08091429217
-3.30050496809 6.8264265745
-3.58978134533 6.38036591603
-3.56243421204 5.8653719437
-3.58098646503 6.40606626835
-3.28927670002 6.8622819149
-2.82795469113 7.16105975236
-2.36298552931 7.45482725733
-1.90198421281 7.74719863674
-1.45352996454 8.0443176534
-0.991100462117 8.34206596626
-0.564023750888 8.67389058611
-0.254480448274 9.12516100722
-0.116092685068 9.65570713591
-0.0645576451014 10.2031869395
-0.00872192482153 10.7502986545
0.0562199874741 11.2964425679
0.126906801637 11.8418706628
0.233748580827 12.3729594782
0.439535707119 12.8814252268
0.496733275119 12.3466855603
0.408678691069 11.8066386742
0.388730450338 11.2571727
0.373922691501 10.7077837393
0.604594056325 10.2227380147
1.09664882426 9.99289809712
1.64348694217 9.94235543915
2.19277291675 9.91555057077
2.7416158175 9.94362946772
3.27380775141 10.0427222529
3.78567571338 10.2195686828
4.2744629129 10.4712647156
4.74361635112 10.7581095199
5.18619729756 11.0707694271
4.97630795275 11.5579912153
4.65219468057 11.985684317
4.27168779747 12.3827219113
3.90651643539 12.7830731033
3.46888115023 13.1143337611
2.97723030098 13.3587409316
2.44441740394 13.4911229212
1.89660393775 13.5367766257
1.3556765883 13.513665671
0.831564846395 13.3794602025
0.337414183613 13.1486589573
-0.141276438709 12.8860926436
-0.641891974808 12.6590705958
-1.16672949215 12.4971522029
-1.71187366708 12.4271250839
-2.2518061641 12.3835559847
-2.80176798874 12.3858133644
-3.35159560032 12.3938582359
-3.89332630217 12.4579978926
-4.06657942841 11.9482185614
-3.95643065761 11.4175515252
-3.82051467404 10.8847585632
-3.64731285371 10.3627974902
-3.45701257751 9.8467833187
-3.25394687502 9.34431283772
-2.98707016015 8.87376723743
-2.60258250309 8.48221567952
-2.15330684519 8.16550503308
-1.69852580694 7.87072121887
-1.23276380907 7.57829674888
-0.777844575933 7.26919401122
-0.320760174201 6.9633285801
0.145756113449 6.67204601204
0.593632522894 6.35296945632
1.07626192822 6.0920626186
1.60851580034 5.95593490697
2.15092552761 5.8981272638
2.68295059758 5.82202133718
3.21801030838 5.69505514903
3.73856488172 5.54437826333
4.25708022858 5.36120135388
4.74851688742 5.11621007218
5.20230517215 4.82009316188
5.66853037451 4.52874587394
6.11672142048 4.20996253996
6.54226974337 3.87515671562
6.96474182805 3.53584956389
7.37205688578 3.23540421834
