0.265632630854 0.472825916666
0.39703785566 0.997961386198
0.581906543914 1.50740755048
0.792094175345 1.99799312338
0.890524053137 2.52141433333
0.529097589529 2.9341642438
0.24518779926 3.40212803168
0.0436285746633 3.91381226618
-0.168018092561 4.4127531341
-0.441577396546 4.88906964494
-0.555225646257 5.40209029708
-0.768837201597 5.89058200039
-1.0248375594 6.3772677772
-1.31186129968 6.83688047548
-1.59668787321 7.30737895376
-1.87606746208 7.74259929877
-2.36870283737 7.91331063661
-2.7597290968 8.27398881045
-3.1591401577 8.64036545017
-3.57452430838 8.98779503178
-3.78591941312 9.45173078535
-3.59864447472 9.95926047349
-3.42226059911 10.4801748938
-3.24299862398 11.0000739154
-2.95445265967 11.4646528451
-2.53562504873 11.7379554739
-2.03773467228 11.9713051225
-1.54567330912 12.1985250552
-1.05216174957 12.4224819152
-0.591586990586 12.7215404316
-0.228119147135 13.1008150593
-0.336494914093 13.5967725962
0.191486764243 13.6489653602
0.740607780211 13.6183702435
1.28953451486 13.5840960578
1.83775085975 13.5413256201
2.38385593609 13.4760260191
2.90572308356 13.3169277915
3.33718305959 13.022676939
3.79423520644 12.7546238237
4.14563017102 12.3967714342
4.08129329878 11.8514796397
4.00591036827 11.306675773
3.82242773311 10.8266226661
3.78220812469 10.299614394
3.31996239363 10.0668114674
3.85267930401 10.0698637781
4.37683442649 10.2072019261
4.89131466546 10.3501366754
5.4144989591 10.4897713293
5.95400912696 10.4959946992
6.48562231999 10.3910904114
6.99258346681 10.1827890856
7.40694797027 9.83854892469
7.71898206537 9.44366974199
8.16315497948 9.13501407542
7.9844506765 9.60530706759
7.51043086954 9.88401132151
7.03256852832 10.1562912689
6.54704671301 10.4141689312
6.0350877152 10.5888083165
5.48829604493 10.5978415349
4.96216754971 10.4394408283
4.43583294164 10.28131564
3.9331854308 10.1011088657
3.41755404472 9.92183794351
2.89881660699 9.75158276411
2.375599615 9.58208312063
1.86007878099 9.41475683265
1.3499484485 9.23178268444
0.845783183231 9.01732684834
0.51505741075 8.59664232315
0.417213751689 8.05915831312
0.410217511605 7.5093886169
0.496969202999 6.96812373307
0.763012792514 6.49196828781
1.22673378702 6.2093237496
1.75798999056 6.10718871421
2.28959298408 5.96833175622
2.82427399324 5.83966485162
3.35927096202 5.71211250597
3.87080663646 5.56484321826
4.36492771269 5.39705485417
4.852229811 5.14277820122
5.32534958328 4.89961032322
5.16750806746 4.39688172131
4.88649051945 3.96181956552
4.97006801667 3.43241326854
4.77183430884 2.9366148271
4.34358757101 2.59973045059
3.82312701648 2.45668554113
3.27519390822 2.4099403895
2.72891780648 2.34707222022
2.1803716586 2.30714119805
1.63072583642 2.29402290206
1.08096447501 2.30468535232
0.5309728125 2.30366637537
-0.0190115137336 2.30780522712
-0.568999382302 2.3106809331
-1.11889726401 2.30345265767
-1.66651928562 2.3424428893
-2.21374359013 2.39637885832
-2.75924793362 2.3771900491
-3.30355364886 2.41516259118
-3.85325804751 2.41719095369
-4.33583858512 2.5884793027
