-0.00318042916085 0.539982718251
-0.246139962898 1.02423406613
-0.455474816784 1.52414054559
-0.689536776112 2.02175438337
-0.970509858264 2.49377846666
-1.24826568774 2.91268189906
-1.00556763851 3.35490136065
-0.64551973472 3.76525198726
-0.286653352083 4.16604409762
0.0869755391181 4.56962532479
0.465027127774 4.95767334374
0.896430798061 5.29814212898
1.36372790147 5.58787982746
1.8300319917 5.78538682901
2.37713579391 5.7304886745
2.92467678078 5.67861638113
3.46951467791 5.6047028247
4.01083198592 5.50748054782
4.5548333894 5.42985808058
5.05063654148 5.33339039865
5.05701176849 4.78559492477
5.01240575441 4.23740763562
4.97351083369 3.68882481586
4.94340357169 3.14772751572
4.83921205542 2.60824977277
4.33832018439 2.39559950353
3.78860756301 2.37929064941
3.2386745797 2.38001501346
2.68907975964 2.3629235823
2.13916781204 2.35434559635
1.5894655577 2.36807730861
1.04873922117 2.46347475203
0.594177423796 2.74551345936
0.319283702982 3.20901558308
0.122511706624 3.72255117375
-0.0809193799965 4.22482411926
-0.308069967422 4.71692139023
-0.518049801934 5.22521829788
-0.742636817218 5.72285187155
-0.990813803816 6.20907524246
-1.32619801909 6.64202221174
-1.77178411383 6.96257198504
-2.26144584082 7.21280795951
-2.75740316091 7.4505420433
-3.06100993586 7.02602179493
-3.48807864656 6.67973617051
-3.82007351328 6.24496713121
-4.04354922838 5.74281599472
-4.22790045798 5.27077974896
-4.14381465873 5.78075247538
-4.12498433333 6.33037542875
-4.0975286706 6.87968606541
-4.09300911196 7.42964620115
-4.08585788989 7.97959652495
-4.07586486901 8.52950573522
-4.06587184814 9.07941494548
-4.05587882727 9.62932415574
-4.04662256348 10.1792444272
-4.0435763766 10.7292359915
-4.07934079119 11.2779635056
-4.09908046343 11.8131693444
-3.59114184302 11.952157604
-3.04503103173 12.0169633493
-2.49958123082 12.0872019512
-1.96026554301 12.194932239
-1.42391756278 12.3156912707
-0.962703568132 12.5178628366
-0.48497730139 12.7724911252
-0.0188220131369 13.0487468813
0.438869235623 13.353667447
0.892543325329 13.6195245957
1.4314507073 13.6111624947
1.98123064763 13.59851827
2.53121967497 13.6019764502
3.04634801395 13.6405158884
3.56872194185 13.5545573822
3.99822068038 13.211276295
4.43548609647 12.8776888139
4.89090896937 12.5856251302
5.37208804601 12.3196818699
5.81876304762 12.0419963442
6.24636884052 11.7569416413
6.62433945534 11.3574582174
7.0092519164 10.9647255578
7.40409192452 10.5818622021
6.89544753642 10.5127414584
6.35298426619 10.6034392602
5.80695989554 10.6673082041
5.25752888237 10.6587275306
4.71339170904 10.5802294682
4.19177750237 10.4349999462
3.69137001794 10.2268247797
3.17342798302 10.0759352639
2.67888703905 10.2135282981
