-0.302805819222 0.406759921278
-0.792617631455 0.656808126629
-1.26490379333 0.938512670698
-1.73218803254 1.22857652742
-2.19061891586 1.53208992252
-2.63292098599 1.84388807085
-3.03495656886 2.16760088312
-2.68218078236 2.54931206057
-2.21658010124 2.84206110056
-1.74203352583 3.1200472454
-1.30131418948 3.41953593438
-0.948205426196 3.83350130012
-0.667249488853 4.29219277528
-0.406432491873 4.7670357115
-0.141877646439 5.23073547756
0.152748536772 4.80065067729
0.216068419641 4.25436241939
0.243765816865 3.70521847548
0.315543941209 3.16104347713
0.567976053697 2.67790696843
1.01757825409 2.40037500436
1.55935382276 2.31529047623
2.10828619413 2.28172552294
2.65703410726 2.2447972847
3.20681025464 2.23331735573
3.7287278963 2.23364469869
3.20037496857 2.30673957145
2.65068091445 2.29307712877
2.10070623605 2.29834749057
1.55086026173 2.30963324818
1.0234532518 2.41994668771
0.622701586786 2.7498569969
0.364890654433 3.22433758085
0.177561755541 3.72438888016
-0.0184623056834 4.23824506145
-0.250642767402 4.73631831604
-0.487924382674 5.21467895415
-0.74573241726 5.70049496936
-1.03181350777 6.16039731005
-1.41015270057 6.55632043117
-1.89099862237 6.82135471865
-2.39533308914 7.01889486277
-2.92018333002 7.18320335064
-3.37595317933 7.42255413474
-2.86860042741 7.31422026568
-2.36919370767 7.08427203289
-1.87426749527 6.88388802298
-1.41320945709 6.59603462762
-1.07688348038 6.16867550151
-0.853506816493 5.67545977008
-0.670559520441 5.15679359857
-0.488737449333 4.65486402582
-0.265392228093 4.16105340945
-0.0219829212311 3.66793954463
0.212761326189 3.17150561339
0.392882227503 2.65229866028
0.703150246007 2.20361022353
1.17399847998 1.96179254017
1.71815672491 1.88998678792
2.26755968765 1.90401673379
2.81648213646 1.93792932453
3.36057941487 2.01533460309
3.88669928488 2.14541046391
4.35774989198 2.42079328773
4.71010146215 2.82973163243
4.90284588135 3.33332999809
4.943669977 3.87303857525
5.06756853158 4.39488368666
5.1429460846 4.91362738512
4.70739255373 5.24224996753
4.20139666273 5.43569689487
3.67054601127 5.57770810475
3.16606049102 5.76956868041
2.63389941086 5.89747293553
2.08783735915 5.96085418987
1.54984612769 6.07471840865
1.04495497202 6.23264135167
0.721081245292 6.66660424346
0.623926426148 7.20581745045
0.619123772336 7.75564422664
0.682045551408 8.30091255168
0.860851887458 8.81184166885
1.19834427079 9.23016794247
1.01622516448 9.70964857557
0.703792333568 10.1407234373
0.398105268134 10.5733855008
0.260148151692 11.0573323684
-0.107216583276 11.4490547296
-0.579851183393 11.727852769
-1.11255750662 11.8568356057
-1.66153334761 11.8885126281
-2.19823430228 11.9625275334
-2.74397175931 12.0296960245
-3.29370211162 12.0446290572
-3.84250149495 12.080676607
-4.37832909489 12.1213286149
-3.87022837413 12.1964435265
-3.33692474633 12.267212421
-2.79331067067 12.3142924701
-2.24342566041 12.3095806354
-1.69396449154 12.3250671877
-1.15146571156 12.4132802218
-0.635217160704 12.5999969656
-0.136774404279 12.8324703911
0.361891330725 13.0644670899
0.8625879317 13.2709115708
1.40016951522 13.3857014265
1.89805212806 13.5124889819
2.43843348988 13.5271478301
2.98314493797 13.6028180055
3.52939937432 13.6665889671
4.07385821277 13.7437109886
4.5996885076 13.8534485067
5.10296816898 13.7231252368
5.30175706461 13.2298915476
5.53313615853 12.7311610635
5.79714747051 12.2488012598
6.18608314474 11.8987978344
6.72374864236 11.7838411222
7.22803479996 11.5907880862
7.65599797596 11.3082879706
7.79972823027 10.8190929191
7.92366780252 10.2964560939
8.14785549075 9.84269228808
