0.229269576626 0.459220318626
0.363271983727 0.992236532964
0.553591894618 1.49968693599
0.778312316612 2.00118283562
1.24945881083 2.21526737507
1.79880768264 2.18864630488
2.3486690456 2.17812122038
2.89866104788 2.17875258762
3.41584792768 2.17937036526
3.94855684293 2.17367768631
4.49844417453 2.18462404883
5.04833696188 2.18041396666
5.57635674295 2.25691068561
5.83164056281 2.72524508859
6.07951023994 3.21556408042
6.38662134446 3.67180565873
6.74202706667 4.02658104745
7.2216016177 4.27204351481
7.67120809103 4.58860000247
8.11050372483 4.91952036769
7.67793225629 5.22666247308
7.1279800296 5.22158767963
6.57801324003 5.22735870393
6.02806395784 5.23479357638
5.48218875336 5.29454615398
4.94068785681 5.39042281192
4.39649753486 5.4700389283
3.9044457545 5.55886140498
3.35911103761 5.62164352459
2.83008139208 5.72921169776
2.34153746135 5.85512894074
1.79929059347 5.9317167218
1.27381377837 6.06306620527
0.732974584242 6.16281767129
0.190493812346 6.25152763004
-0.326005650653 6.43964613937
-0.83238957282 6.56429344915
-1.23255236653 6.8806608689
-1.69307530893 7.18123374045
-2.14494744168 7.49475822631
-2.58538648892 7.81052030677
-3.02029242351 8.14711910223
-3.40801141213 8.47207069799
-3.64134264461 8.94555562845
-4.02224405731 9.27370705458
-3.78498217589 9.74172018417
-3.60875225398 10.2445058193
-3.38214154047 10.7456344685
-3.13852997455 11.2379965331
-2.81355178198 11.6336321484
-2.34588476524 11.8556765444
-1.85754264669 12.0419978197
-1.35647376976 12.2687769231
-0.873297328851 12.5137851335
-0.412936068938 12.8144081582
0.0355758214433 13.1326755949
0.437809173931 13.4486785717
-0.0802538569779 13.5963656387
0.421559749067 13.7236892019
0.970466855968 13.6893918923
1.52017573585 13.6742627105
2.05623353137 13.6311621114
2.5988828928 13.5438662615
3.09706352518 13.3188872852
3.47396549623 12.9859861025
3.95833333881 12.8238552908
4.19526572822 12.3485037193
4.30347800229 11.809669027
4.45297670529 11.2971146948
4.67070055727 10.8404626192
5.16412850175 10.6862291292
5.70942292555 10.6197235377
6.20693264834 10.5369496851
6.70361041964 10.4742617582
7.24217499244 10.3634095247
7.76715370367 10.2287083057
7.76804401762 9.72745909728
7.39501789739 10.0827022565
6.89730103638 10.2758881992
6.40685487876 10.4969886525
5.88040247862 10.6519255611
5.33656513348 10.6580875627
4.81681802485 10.5109259933
4.3106519132 10.2958388853
3.80273924755 10.1192043803
3.27497633953 9.96444484856
2.74795790844 9.80727120559
2.22213242659 9.64616997694
1.70493598989 9.45910054919
1.20467712357 9.25175877147
0.819397848729 8.87957323585
0.621663035528 8.38433603461
0.469363967997 7.89180470032
0.334249838196 7.36279967348
0.194317959492 6.83089967656
0.0463696851048 6.30121024925
-0.108755341649 5.78198803866
-0.0888991384931 5.24011361011
-0.139442746933 4.69419668884
-0.243919042489 4.15449502825
-0.487371075098 3.67451860393
-0.833395356651 3.26446739129
-1.09784833776 2.82981490978
-1.52268699856 2.52085031713
-1.9946062808 2.2912181627
-2.54406265071 2.3141265868
-3.09405192076 2.31725488139
-3.63491140265 2.29394346657
-4.13993744927 2.24599091434
