-0.0360543236148 0.536150332883
-0.267853933687 1.02607775699
-0.491253778499 1.52426568399
-0.716546206599 2.02160476036
-0.959166569353 2.50602991763
-1.20889046873 2.9396572439
-0.928200218755 3.41202458263
-0.661324897367 3.89281128767
-0.374147086909 4.36182552039
-0.0852148719169 4.82035978959
0.222676580895 5.27605340788
0.518909090208 5.68167989435
0.425196612596 6.20290348179
0.183642927036 6.69695994517
-0.0661272879236 7.17785983604
-0.298838782467 7.64809118166
-0.349300667337 7.13268322611
-0.431557315411 6.58899534306
-0.509960765386 6.04473992631
-0.620624488253 5.50600302193
-0.726853525235 4.96636026433
-0.846366822458 4.42952804865
-0.996674108656 3.90919217662
-1.30022553409 3.46664301803
-1.784743381 3.2347796309
-2.33034440222 3.17155661513
-2.87967489034 3.16736051313
-3.38274544556 3.35059568718
-3.74398091058 3.74460064379
-3.35770059843 3.42422533279
-2.8674223966 3.19014049446
-2.32904825551 3.12992627338
-1.78177368402 3.07555617544
-1.23685639378 3.00111565138
-0.695173266599 2.90619504164
-0.159368607938 2.78229243786
0.353310913667 2.59810165562
0.862029194849 2.4014603966
1.40309081655 2.30771801967
1.95257022414 2.2852651059
2.50140385617 2.24977651475
3.04758933363 2.18652681457
3.5806331326 2.08856355496
4.09380843184 1.98873381496
3.59264102591 2.12499415964
3.96043428484 2.48039181878
4.47648499209 2.66821373748
4.88497494018 3.02704285701
5.08435840112 3.53725977356
5.20822050748 4.07308895452
5.32238181464 4.6027599576
5.14270186823 5.10179868273
4.64732991831 5.3198550274
4.12791508012 5.50046688744
3.60052497996 5.6243014463
3.08315915006 5.80986961191
2.54500962296 5.9225425335
2.00418820587 6.02222664394
1.46192085124 6.11372271178
0.956689297225 6.31882374588
0.624554558801 6.7482349476
0.514334617136 7.28468764882
0.504861518605 7.83444730531
0.518294894224 8.38338173561
0.776964389759 8.85820255722
1.25650710057 9.11492348566
1.79421315487 9.23019821794
2.32164520375 9.37097621678
2.81754936568 9.59621297503
2.56409739578 10.0286974011
2.01535175022 9.99560850964
1.46549662621 9.98605198966
0.923575868752 10.0633924902
0.472846637903 10.3561892722
0.159732635868 10.7971074283
-0.123617453832 11.2683225473
-0.479610960723 11.6859064996
-0.291658174778 12.1909564876
0.0669642155892 12.5843527234
0.443072209716 12.9849991964
0.878080729883 13.3003597474
0.435519950119 12.9850492878
-0.0710657304489 12.8175337174
-0.574480485666 12.5962159991
-1.09424791189 12.4183113236
-1.63790982833 12.3394083193
-2.18745087165 12.3177246059
-2.73679808595 12.2913081877
-3.28503004658 12.317435634
-3.79310708404 12.4989028292
-4.25351742516 12.7988491976
-4.24907226025 12.2611305539
-4.04651911529 11.7584856189
-3.81801222329 11.2626222606
-3.56999116462 10.7854323153
-3.25726513264 10.3562134268
-3.12640803267 10.847754387
-3.03764869217 11.3832493322
-2.66724623416 11.782827448
-2.18484992976 12.0443163688
-1.66718550971 12.2285729315
-1.13703122246 12.3409887641
-0.614599372863 12.5102440398
-0.109025710448 12.7265247099
0.380981651712 12.976179536
0.862457293647 13.2070856214
1.37888217893 13.3661036424
1.92721788474 13.3994373628
2.47645742294 13.3726400116
3.01943618761 13.2871731997
3.55427540474 13.1596777052
4.05605620588 12.9783979856
4.55139977515 12.739648307
5.05633595212 12.5429779244
5.57404875453 12.3840084995
6.12297575898 12.3755451292
6.62931013361 12.3035488887
7.03602820312 11.9408352019
7.50066713828 12.1459861542
7.60326159151 12.6781257889
7.75246581932 13.1990224464
