-0.333742414741 0.393562749533
-0.829675578519 0.629650555562
-1.29192141591 0.912601936894
-1.7359918072 1.20871347285
-2.16872569844 1.53502855129
-2.60071851255 1.86235067672
-3.00785968805 2.19882642679
-3.46162272818 2.46334108766
-3.04174672621 2.75345218266
-2.53526684628 2.96737562467
-2.00738178496 3.12082632654
-1.49950696735 3.30630024015
-1.07775524669 3.64327229836
-0.753017203903 4.0762900813
-0.463081657317 4.54364178197
-0.142037109604 4.98508251982
0.0996953282873 4.49806322831
0.172808677997 3.95317214757
0.253402978263 3.41722118956
0.416286037697 2.89459650983
0.805395224586 2.52908430434
1.28323988481 2.25748693169
1.79749694363 2.08071502749
2.33883665017 2.01018717793
2.88529193619 1.95165150078
3.43512961835 1.95959674361
3.9792699242 1.88831960707
3.47402209058 1.98488403282
2.93196109485 2.07757819098
2.38745668708 2.15490538259
1.84220558479 2.22691657984
1.31105503613 2.33259150351
0.815057927989 2.56447461554
0.458060030614 2.96653374686
0.251625548144 3.47551324416
0.0900975672444 3.99284144583
-0.1094167205 4.49664563445
-0.307879474403 5.00088370537
-0.524931417681 5.4974930547
-0.749152005061 5.9996330809
-1.01364735451 6.4814198085
-1.38459795241 6.87305398505
-1.8398438813 7.1506873323
-2.32848920573 7.38515735848
-2.79403042323 7.66704763021
-2.27970485136 7.52115547434
-1.78017249805 7.29126806237
-1.27376546253 7.07686666915
-0.764855288515 6.89047541026
-0.244903507373 6.71122882859
0.277141256792 6.53816351538
0.801424481461 6.37200763392
1.33088589155 6.22472598527
1.87369947203 6.13706381823
2.41933067921 6.06802904678
2.96325947367 5.98679762613
3.49328241239 5.84284778458
4.00433371832 5.64248484119
4.38624582359 5.26400666723
4.49885621637 4.76673017884
4.55444983608 5.28596636852
4.08340772385 5.56394546039
3.55293390288 5.70526476968
3.01704661001 5.78624832837
2.47465939981 5.87708348731
1.93848254546 5.95624147108
1.40410754391 6.08242400171
0.940705314916 6.36951143492
0.647864174251 6.83044875522
0.550767400841 7.36957067479
0.557678106701 7.91934005486
0.652368667037 8.45137150082
0.93995521331 8.91476643656
1.37723414843 9.24571881204
1.82870187638 9.49568430791
1.45772640684 9.15178835498
0.926309053697 9.04574813863
0.411732495456 8.90387025424
-0.113377112885 8.74044510029
-0.644398403292 8.59722328324
-1.17697135121 8.49937583953
-1.7260904333 8.4737708137
-2.27500282507 8.49452383639
-2.77619728196 8.70427128228
-3.09986559267 9.13381950123
-3.31345743031 9.6231193015
-3.51479987622 10.1177059968
-3.72634731622 10.6253897401
-3.95245525542 11.1267022802
-4.20001422356 11.6132526599
-4.44820332417 12.0586128825
-3.9292960895 12.0568060971
-3.38001389356 12.0297230013
-2.83039474619 12.0100002127
-2.28201541268 11.9678927621
-1.73285552864 11.9376540397
-1.18335925545 11.9142489989
-0.659159275033 11.7691619123
-0.25239774045 11.402976946
0.0589647455475 10.9502744802
0.357799869507 10.5033428744
0.769634556687 10.1794230809
1.30302457383 10.0533062181
1.85167189102 10.0178275863
2.40091023661 9.98958740569
2.94992732775 10.0089892989
3.48422351239 10.1326596347
3.97781036328 10.3742824623
4.43820747733 10.6601614206
4.89939731157 10.9598119155
5.31411465221 11.2442189006
5.2164374022 11.7536178695
4.82056483868 12.1236618775
4.42457701873 12.4937066441
3.99280618554 12.8343288269
3.54571048337 13.1474393871
3.09031759267 13.4338266333
3.5633647335 13.2067687258
3.9799926628 12.8605608558
4.37044597585 12.4904463999
4.77289733748 12.1215161416
5.17283703072 11.7498219804
5.57286040595 11.3900745594
5.98438459519 11.0374331591
6.40937201009 10.7010774055
6.84923950694 10.3709113125
7.27788425514 10.0264067069
7.67236532902 9.64344216672
8.06700179021 9.29506678422
8.50881302505 9.01863637222
8.25620163188 9.48473914747
7.79458299209 9.73656893327
7.31268819875 10.0016489055
6.83615361852 10.259668546
6.35452768157 10.4900570346
5.83506969622 10.6330297596
5.28715708697 10.6218709057
4.75477179449 10.5047240929
4.2689204102 10.2743052496
3.7599174035 10.0660353765
3.25933045731 9.88025773218
2.74987145391 9.69534882822
2.23811635033 9.51738457668
1.71658001672 9.35582120937
1.21371530074 9.16535304531
0.783954914187 8.8306995196
0.582134342202 8.32511176619
0.549233321739 7.776582082
0.549115472343 7.22701217524
0.693868442654 6.70042498742
1.0608014143 6.31140338111
1.5873050258 6.16793312705
2.13512528888 6.11952616209
2.66643188395 6.03542014542
3.19331733509 5.93114801844
3.58782379326 5.56915679962
3.98416445602 5.18934486905
4.42185948743 4.85644049481
4.86195174736 4.52660539703
5.28101633406 4.20498025735
5.79577102093 4.14400583209
6.3438515123 4.10581247358
6.88791446983 4.02542043936
7.43202226683 3.94534088693
7.96010108646 3.84052944064
8.40117826985 3.52720897359
8.84466600446 3.21570056783
