-0.322121932692 0.427013444801
-0.806065221108 0.688295569303
-1.2773105288 0.97181708516
-1.75201365574 1.24955715348
-2.20427640269 1.53042037602
-2.64779061288 1.85538883774
-3.06604473074 2.19237084918
-2.70344946467 2.55202667088
-2.23250034924 2.83611016092
-1.76451548951 3.10948226915
-1.32947803837 3.43176964333
-0.975218827565 3.84849074181
-0.719220347311 4.32600658647
-0.48407563086 4.8231657469
-0.22100270085 5.29686153167
-0.550149611389 5.68557211443
-0.875670314174 6.12799018553
-1.2614147649 6.49373278322
-1.72902365682 6.78139788809
-2.2510839999 6.95005467157
-2.79973134636 6.97943457997
-3.34664470242 7.03569411285
-2.80079292307 7.0833534305
-2.25404768921 7.02377328196
-1.71381932628 6.92176220802
-1.17202561441 6.82748941703
-0.632528068956 6.72154730306
-0.105052176067 6.59728607381
0.416036237758 6.42192525883
0.942674403828 6.26499777908
1.48414550403 6.16875145229
2.02689084834 6.07986881117
2.56783166159 5.98083040188
3.10184049907 5.85002684643
3.62149399507 5.67015325648
4.13352984728 5.46942037057
3.6688023205 5.69968334375
3.12277502986 5.76336969736
2.57944473843 5.84748623679
2.04804425601 5.98809242656
1.50757547903 6.07906793913
0.96791118054 6.17521603597
0.568938683872 6.50115689635
0.587850286241 7.0298843864
0.719757956138 7.56353139577
0.691157398977 8.10703461057
0.740004700117 8.63983601664
1.1066045885 9.025197465
1.55513190106 9.34343773795
1.98195500632 9.60400023427
1.62608676705 9.22806838416
1.08181529682 9.15022408743
0.560885209086 9.00806143503
0.0596760357328 8.80306417094
-0.462381131554 8.63015535142
-0.991365150777 8.48021663682
-1.53611608428 8.4089029471
-2.0850592652 8.4279141507
-2.61321910385 8.57124977362
-3.02438323214 8.92605945376
-3.20000099886 9.44368536128
-3.28331387522 9.98732456671
-3.37732772781 10.5292221964
-3.4879897145 11.0679546861
-3.59633914117 11.5866879412
-3.1775681332 11.8627374712
-2.62786391607 11.844936492
-2.07801124764 11.8418692175
-1.52862218801 11.8675287051
-0.979561142415 11.8503875073
-0.474809773428 11.6446785444
-0.0964845371135 11.24816208
0.199902267966 10.7855662862
0.513605016956 10.346726837
0.980358679786 10.079861056
1.52096519553 9.98708421155
2.07080011305 9.97822987104
2.6207561052 9.9789517807
3.16838150948 10.0285426902
3.69213092857 10.1602234909
4.16158895811 10.4286776063
4.59437831601 10.7414170659
5.00992825694 11.101663105
5.40609809326 11.4644690371
5.90948092448 11.5822957982
6.30248440529 11.2358364923
6.71579310409 10.8731229385
7.12092324644 10.5130934411
7.53558732402 10.1518505875
7.95961150477 9.80171279448
8.39545185746 9.4662488931
7.92105329444 9.72674649923
7.4426403491 9.97282059737
6.96141711915 10.2133744069
6.46661344567 10.4344819978
5.95317872199 10.6039294958
5.42314014968 10.6233554919
4.90664102167 10.4936164783
4.40846467837 10.2808102783
3.90266311457 10.0657247065
3.40561179824 9.89865360547
2.89041978649 9.7305994309
2.3508819782 9.62479308209
1.82725456348 9.48534692131
1.30570531064 9.33788494413
0.845256249673 9.06058622101
0.543203407213 8.61595719299
0.425723032475 8.08046824344
0.429103480433 7.53998160925
0.434269167488 6.99222578002
0.393441554477 6.44789660931
0.344045230845 5.9041703262
0.215239191452 5.37017947388
0.134284315271 4.82664156532
0.0933167593495 4.27821924871
0.0892555158204 3.72865637102
0.210664613783 3.19477975723
0.527145103428 2.77229402729
1.02533578048 2.54809573779
1.56480715141 2.44206881164
2.10343467148 2.3311645023
2.65173117428 2.29417300297
3.20158139292 2.2992234099
3.7250345816 2.38667770271
4.25090233402 2.52796497489
4.76225033115 2.72886091312
5.25561844996 2.95306331533
5.75801988059 3.14549588404
6.26979386058 3.33576352866
6.77667475308 3.52704866839
7.3041983239 3.65087780459
7.83421280118 3.79747768324
8.33755013094 3.93865508235
8.04238232904 4.38181257669
7.53768036577 4.56726174715
7.02755172903 4.76156209905
6.50266838168 4.92547035393
5.97280047179 5.07272766413
5.44468520677 5.22626875557
4.90940187868 5.35157118683
4.36728503361 5.4440110735
3.83059082434 5.56316130921
3.29754845113 5.65277118995
2.78817785649 5.83696775459
2.27388113177 6.02024528628
1.75959728427 6.2031994519
1.31331043404 6.50501043476
0.783352864563 6.76503929942
0.792856357308 7.30252772284
0.819805216631 7.8486620491
0.783418343348 8.39741666843
0.731420248172 8.94472986823
0.522450646908 9.45215728611
0.412621558917 9.98218854295
0.361359894977 10.5294883668
0.346525610864 11.0792452125
0.343373259501 11.629156604
0.349061951245 12.1791020809
0.440250749475 12.7099822948
0.784346140576 13.1042249441
1.31481017526 13.2251170146
1.81221052655 13.1404937662
