0.255612146913 0.466165316253
0.386483916261 0.991948246648
0.565343596177 1.50354038973
0.781223128582 2.0001265833
1.2421752815 2.2280073792
1.79216695464 2.22532648614
2.34214500463 2.23011919027
2.84213531359 2.23323221806
3.37612695308 2.23592114709
3.90738468906 2.29456274994
4.4131578474 2.48926690161
4.90151386952 2.66614769045
5.38468609194 2.84273850101
5.84312873988 3.07739409689
6.15462514339 3.52977153942
6.45616385349 3.98486126663
6.8288659345 4.32539561498
7.33081752649 4.54878834614
7.80729446281 4.81527329208
8.27266033963 5.09256170204
7.7432035126 5.20459865413
7.19325328687 5.20007092766
6.64329898316 5.19300314285
6.09336043035 5.1927768396
5.54958470068 5.27050995053
5.00772374183 5.36465658355
4.46493486214 5.45252885025
3.93190277961 5.58747550284
3.41780514309 5.78228500385
2.93317370653 6.00530276002
2.42619661252 5.93477325407
1.89120992163 6.04276092649
1.34398367181 6.07406563313
0.795453454954 6.05321642805
0.259807495914 6.17433559469
-0.258352540881 6.31884549659
-0.540890544721 6.75285064369
-0.897089022896 7.17148435997
-1.24408623708 7.59812817533
-1.53346023671 8.04270115687
-2.01855139525 8.26203854565
-2.52400423951 8.44624317506
-3.03433655988 8.6403205032
-3.52912648272 8.86113719269
-3.65467783312 9.34765518721
-3.52733864484 9.87437442134
-3.38140242203 10.4045671274
-3.24427508717 10.9368598495
-2.98767292381 11.3978348116
-2.59353536749 11.7485611489
-2.10903357813 11.9077928879
-1.6055682316 12.1291044663
-1.08167421479 12.2536655694
-0.597819123947 12.4530209117
-0.141108819146 12.7594716995
0.314884302347 13.06696236
0.758382283064 13.3174225822
1.26794555228 13.3861509323
1.76411394618 13.47399875
2.24071348685 13.6295201392
2.74723064387 13.4894891562
3.19865898243 13.1960746773
3.65230345786 12.976667716
4.13323979836 12.783537188
4.45393066166 12.3813247521
4.738234717 11.919934639
5.02201205134 11.4555255461
4.93822541504 10.9146761116
4.825119963 10.3805295602
5.3489685095 10.4509288126
5.80411910331 10.6962042197
6.32466076343 10.5605715034
6.80929735289 10.3181383466
7.2980179937 10.0660758303
7.78110333742 9.80328102741
8.2308671461 9.57029425577
7.75348349999 9.74243530515
7.28520825194 10.0069855911
6.79791335759 10.2620116275
6.31549079866 10.499839767
5.78369711062 10.6280014837
5.23503801813 10.602771368
4.71251842161 10.4972945387
4.23373268335 10.2640053107
3.74165472908 10.037181651
3.23478534203 9.83425561506
2.73029403646 9.64737239689
2.22150457469 9.46113409632
1.6839292971 9.34548159996
1.16647504278 9.20242061743
0.730536553038 8.87667556498
0.493260992507 8.38486270377
0.354705243527 7.8567348079
0.214451215417 7.32492075405
0.0799887289189 6.79986910553
-0.0703881554137 6.27088775348
-0.229323911489 5.74467693868
-0.36969266336 5.21314067441
-0.541946858282 4.690826577
-0.739864920293 4.1778280891
-1.01720820815 3.71938037153
-1.45692049968 3.40099205723
-1.91075575794 3.1850281486
-2.42354258463 3.01996137969
-2.95715163956 2.88673693524
-3.48360752407 2.72771664083
-3.96999488661 2.51304730604
-4.20688920083 2.0366471873
-4.53516285058 1.59557572321
