0.0230888395178 0.533102683484
-0.0594131202611 1.07630040867
-0.134074510194 1.62112208925
-0.223099956894 2.16379889249
-0.344053952986 2.70030662536
-0.474339085694 3.23465113564
-0.618564772762 3.76530861257
-0.132683965456 3.53080241989
0.169012096556 3.10200666968
0.54211266933 2.69899606764
1.01557197886 2.42586496016
1.55216756776 2.31260501874
2.101194747 2.28073760558
2.64988565836 2.24404043479
3.19754239492 2.19338249918
3.73345406166 2.11366130425
4.28091941158 2.06545580512
4.80096707957 2.00804959436
4.9464147877 2.51941452412
4.95736065609 3.05927210248
4.97057917905 3.60910229227
4.93818537764 4.15540595503
4.73525612192 4.65750438214
4.47836573547 5.14155732147
4.07034238184 5.50414624804
3.57423763552 5.69318805926
3.03363055651 5.79289534957
2.51634123721 5.97673433721
1.97834186055 6.08652832175
1.44237256659 6.20729548413
0.983512323768 6.49879497744
0.748207771638 6.97004726763
0.565033091578 7.47988508698
0.462887311179 8.01847612125
0.462390994509 8.53540630286
0.392107691158 7.99782596518
0.249842524417 7.47484181707
0.102941111389 6.94482897307
-0.0571020882349 6.41898153647
-0.23943520316 5.90013283051
-0.433295721125 5.39401885344
-0.627813754472 4.88817733408
-0.833560843009 4.37822532147
-1.05640785817 3.89517307877
-1.42631979503 3.49530183173
-1.94229519136 3.3184408182
-2.49143510997 3.29976366853
-3.03939497543 3.25881441821
-3.58815684093 3.23330639561
-4.13429795798 3.29485048082
-4.6674100817 3.39139228187
-4.70103171382 3.92965201268
-4.62855788845 4.47461731394
-4.52478803532 5.01470571025
-4.39368950362 5.54872956202
-4.22714434243 6.07276979587
-4.02191752036 6.58281714442
-3.70428740094 7.02804158181
-3.27023134808 7.35018094825
-2.76039671976 7.55518133013
-2.27806826158 7.81940973098
-1.79780997314 8.08742446829
-1.34118927441 8.36412764202
-0.875069307401 8.64029153403
-0.397676294185 8.89686298874
0.0840803317982 9.16209809403
0.57027725674 9.40152880518
1.08604875833 9.59078474804
1.61097484521 9.75296384863
2.14995376642 9.80647736692
2.69951679991 9.79559866237
3.2142689905 9.88495495967
3.68494554596 10.1426226671
4.11136981882 10.4529726569
3.67684146806 10.1609857355
3.15014687286 10.0340140842
2.603575313 9.97930635447
2.0537202914 9.97750971175
1.5041826565 9.95593895134
0.962290040396 10.0304914314
0.504012435267 10.3265467372
0.200381945462 10.7612754571
-0.0600527826073 11.2456694771
-0.39442818036 11.6588832879
-0.885808887335 11.8952275545
-1.42037375496 11.9783653808
-1.97015372892 11.9699306897
-2.51982140717 11.9874896518
-3.06932925785 12.0106251118
-2.55190877928 12.0458338896
-2.003991444 11.9980930044
-1.45532419388 11.960218072
-0.92335490871 11.8621547024
-0.460296272811 11.5885862143
-0.11054620912 11.1761241541
0.174425849465 10.7152048756
0.517773510084 10.2989315144
1.00080699728 10.0442581845
1.54481663645 9.97242116671
2.09477679214 9.97209317528
2.64475959226 9.97229122352
3.19334764328 10.0092922959
3.73766604664 10.0873147485
4.2794436356 10.1793094111
4.78554710413 10.3487621258
5.29685831419 10.5179518115
5.83254687307 10.5806601896
6.3408618293 10.4055158593
6.76931527773 10.0750267669
6.69256965876 10.5820178499
6.26319877407 10.9254763688
5.84082858604 11.2777562883
5.42397583941 11.6365364369
5.01543124032 11.9927024914
4.61616743765 12.3325388551
4.18772581456 12.6772742911
3.75860092248 13.0060607917
3.24980562744 13.1868461924
2.73846894029 13.2483698026
