-0.0608162372704 0.529934366562
-0.309868690484 1.02018566683
-0.52442437075 1.52659718986
-0.740694367531 2.03228521071
-0.983485883403 2.52562353267
-1.23345070597 2.97710457875
-0.934028337448 3.41942879932
-0.634194101765 3.88043443572
-0.317088946762 4.32488036789
0.00616689413123 4.76979745739
0.323688053532 5.21881893274
0.65692951854 5.65635046103
0.966347505904 6.06063711169
0.603741319697 6.4426227342
0.413442453068 6.95810602992
0.236034877973 7.46600119372
0.202202593913 7.97228397822
0.137993517022 8.51720882184
0.108489795882 9.06630700825
0.0632281177512 9.6144363487
-0.000461710660624 10.1606787117
0.496102559022 10.3078112835
0.988642827396 10.0700434984
1.53455351839 10.0143222361
2.0844852746 10.0220492394
2.63436180121 10.0135672587
3.17883545606 10.0499371109
3.70350377232 10.1967953885
4.15603023869 10.4197389449
3.72638116616 10.1046594785
3.18213908835 10.0256512737
2.63349523786 9.99304608244
2.08372329092 10.0086091208
1.53392642737 10.0233304101
0.993529121627 10.1106918413
0.545253075402 10.4220148218
0.218211755876 10.8633620081
-0.110070824975 11.3039827683
-0.531138547199 11.6526010029
-1.03854366852 11.8381633014
-1.54153452649 11.9817955962
-1.16807135207 12.3231632514
-0.674516667873 12.5471288109
-0.179339694686 12.7862971967
0.305019413848 13.0467660524
0.797668093529 13.2907929959
1.33219015107 13.4129464037
1.88130709456 13.4056849345
2.39813634167 13.3971297313
2.92978345397 13.3955558856
3.47880167191 13.3628914811
4.02858733567 13.3492622751
4.57849345558 13.3397365824
5.12488636282 13.279415142
5.6743956423 13.2878841398
6.22298337236 13.2493405945
6.77271220602 13.2343443689
7.30442987636 13.18846309
7.48014319836 12.7006344391
7.45699078495 12.1513176303
7.43877558157 11.601667336
7.42697819517 11.0518214421
7.42907404277 10.501826624
6.90458853323 10.3761515455
6.37839971032 10.5058198241
5.84596912177 10.6240212765
5.29727590721 10.6267065286
4.7705060944 10.5396265174
4.2333686646 10.4223305697
3.70781909746 10.2603243272
3.17331167858 10.1335862371
2.62513373481 10.0928329235
2.07579912431 10.0659788147
1.52653315367 10.0389626917
0.990736391378 10.102193812
0.533608758952 10.3975415367
0.199272858683 10.8333320935
-0.123103828972 11.2786025326
-0.498833907395 11.6792375974
-0.969611389642 11.9480049497
-1.5066456404 12.0391531084
-2.05316202991 12.0986421336
-2.59463455467 12.1951073334
-3.13194014745 12.3116608741
-3.62561338409 12.5439271948
-3.98709414991 12.9448483107
-4.11819179529 12.4355577074
-4.08665722488 11.8988960207
-4.01326000966 11.3542930031
-3.88703350402 10.8189977286
-3.73411844035 10.299343371
-3.41153249607 9.88546279765
-3.22586178186 9.3680241587
-2.9775713265 8.87861732915
-2.61445534372 8.46765727428
-2.17749180604 8.13402046127
-1.73720087821 7.81114547077
-1.29353536916 7.48616064825
-0.845809945771 7.16694134206
-0.38375575754 6.86865004909
0.081307005644 6.57505669268
0.54007861433 6.29420027
1.05023107268 6.09272548813
1.59323751003 6.00784066464
2.12962115562 5.93028799634
2.66863051214 5.82174541944
3.19667835521 5.66943594593
3.71551703731 5.48815373639
4.24183461077 5.34347190056
4.73602359719 5.13295520104
5.19739690873 4.90008869017
4.78156036846 5.21467499127
4.25531639341 5.37090274733
3.70804911665 5.41927726511
3.15810597465 5.41392371784
2.60830421393 5.40061678995
2.06002798766 5.35788149179
1.51009272467 5.35352004508
0.980416349702 5.25566850285
0.51523439915 4.97419557687
0.117350639498 4.59494451277
-0.265955289103 4.20051388065
-0.687821559733 3.84904464611
-1.12112039796 3.51036912783
-1.60089873092 3.25465939512
-2.12937439423 3.16208789422
-2.6790293747 3.15804333684
-3.21091862374 3.2802735676
-3.62372146405 3.63484225914
-3.90580692643 4.10193368105
-4.18497151207 3.65238415663
-4.26508236201 3.11640180075
-4.33517039786 2.57089731249
-4.41766135079 2.02714197275
-4.50660161664 1.48438522543
-4.60662855657 0.943610310862
-4.73762058084 0.409510046305
-4.24934403036 0.273570152564
-3.78624548017 0.566629292767
-3.29135712605 0.77757428096
-2.79244357261 0.999378917571
-2.29357603522 1.23094413287
-1.78022267658 1.42762231034
-1.25261756096 1.58280960026
-0.722942972013 1.7305988951
-0.177498480464 1.79909031151
0.369378711881 1.85715617843
0.91644948327 1.91365483409
1.45402625185 1.98240302807
1.99553486515 2.07850230819
2.53834301223 2.16446804854
3.07336836784 2.22036003354
3.61920812782 2.2876300232
4.1652319587 2.35311961064
4.70827810503 2.44019150666
5.25200602242 2.52300188348
5.79450059115 2.6135033354
6.33694137521 2.70399590289
6.88460611479 2.74555714034
7.43420185797 2.7361609983
7.97544121137 2.75974825399
8.49561567956 2.71583871444
