0.50801452693 0.169832119205
0.965227356316 0.468123185068
1.44704985277 0.73320246685
1.92815517759 0.999689731359
2.40937116799 1.24839030569
2.8923731905 1.51040064589
3.35588068292 1.8064627343
3.04169191773 2.20169799036
2.49169201915 2.20172569376
1.94330170705 2.23949397486
1.3989951477 2.31712966156
0.892369983669 2.47459904519
0.505695341254 2.85316784735
0.312997343585 3.36720500774
0.158965219045 3.89519303478
-0.00710913401199 4.41937773269
-0.240191265078 4.86583761149
-0.582022062864 4.44839297814
-0.843333985239 3.96486437759
-1.18414200944 3.5453754014
-1.639055726 3.25700103838
-2.17153007057 3.12603176044
-2.7191843456 3.07672141823
-3.26789539949 3.04196591847
-3.80467244485 2.96905052842
-4.30104940645 2.8365701762
-3.75234101144 2.84347280167
-3.21708998205 2.95030955457
-2.68050568296 2.9877085331
-2.13609713592 3.02934831373
-1.5996294905 3.12449390181
-1.17709242985 3.45955276131
-0.973330634615 3.96757160355
-0.867653973551 4.50724516918
-0.744974883155 5.04337927547
-0.655514823998 5.58134425613
-0.745283707155 6.11522617979
-1.06389502128 6.52936814131
-1.53333508232 6.8157040482
-2.00388638191 7.10037687457
-2.4623446536 7.4040498525
-2.87166636841 7.75133907648
-2.51148893496 8.1153120286
-1.97178480502 8.21709257894
-1.42903692105 8.30606935952
-0.898051735556 8.41434210309
-0.379154636916 8.57054155845
0.141052758246 8.74847631993
0.63882548916 8.96290032106
1.1515916084 9.16164460564
0.646696582912 8.97424111254
0.125840330288 8.81109613896
-0.393717730372 8.63075008911
-0.917309985325 8.49168250667
-1.46137109432 8.41318740266
-2.01062027448 8.38828997801
-2.54683834646 8.49391079861
-2.97656994908 8.82694784657
-3.18970334125 9.32656939733
-3.31562958855 9.84794895589
-3.45435461828 10.3718334768
-3.60392725422 10.90109308
-3.77849291728 11.422474984
-3.96226247897 11.9408496606
-4.1444094933 12.4101741222
-3.60931245978 12.4044758767
-3.07511156692 12.3133899825
-2.5289099542 12.2491916177
-1.98678012809 12.1565507397
-1.44669166821 12.0527268844
-0.915513830755 11.9113338732
-0.450013629598 11.6337442814
-0.10242531256 11.2142181238
0.185153985253 10.7456312104
0.497117460577 10.2942590569
0.969862419931 10.0286868423
1.50899007372 9.98797430718
2.05866818644 9.97068152728
2.60831191076 9.95854686533
3.14582812601 10.0229984184
3.66162257176 10.2074563014
4.09655477714 10.5289979856
4.50811351464 10.8938377883
4.90564992332 11.2323817438
4.48860186842 11.5689353452
4.27992924489 12.0773869732
4.0325725194 12.5685200629
3.70581187928 13.009205588
3.28649847557 13.3640522809
2.85247381251 13.6722541639
3.32593209773 13.4471748725
3.74613652876 13.0923972103
4.17650013929 12.7499784942
4.58993525007 12.3933719523
4.99260196951 12.0246954212
5.4181420325 11.7053643206
5.85510336874 11.3715480303
6.26878856917 11.0091893138
6.69287994144 10.6589826736
7.11370998399 10.3111480118
7.53284050916 9.96131516629
7.94617249155 9.61097151609
8.36982926454 9.26057626434
7.99990688183 9.63522118513
7.53116350569 9.90712216598
7.04452469161 10.1455261687
6.56511949872 10.3580043823
6.05307135198 10.5331554552
5.50611191133 10.5731803579
4.96086087014 10.5161981187
4.45773677011 10.3158872154
3.95063711815 10.1033201715
3.43757597119 9.90537076078
2.92142281185 9.71648726942
2.3936959339 9.56156450633
1.86831125574 9.39888240426
1.35585165913 9.22314472478
0.904736682701 8.93031083108
0.656012716959 8.45488857963
0.583411561575 7.91022418055
0.553171211057 7.36108791149
0.522405728332 6.81198918624
0.502679587291 6.26236284209
0.429888863615 5.71867385413
0.318975449228 5.18022979149
0.260108459306 4.63352050863
0.237017969891 4.08405740393
0.223604167827 3.53423071428
0.26743142743 2.98782976334
0.559163636748 2.55661434962
1.05434632085 2.3380039634
1.60127898751 2.29048701936
2.15076909756 2.26808888587
2.70065359297 2.27483923744
3.2405732696 2.32082202542
3.77421270609 2.4142615394
4.28342913229 2.61898459375
4.72911295543 2.93582384816
5.04367155689 3.38535022139
5.28179014954 3.87213066278
5.53233765229 4.36153242704
5.94025591631 4.71113918108
6.32363287077 5.03360492305
6.54076985999 5.489494874
