0.0236987326001 0.532726756102
-0.0700757358775 1.07446211007
-0.164700037518 1.60810922046
-0.248433531766 2.15168805941
-0.334750816025 2.69476254891
-0.452806919018 3.22372369185
-0.578141734587 3.75095413357
-0.718948357917 4.2346941891
-0.321798455085 3.89150883586
-0.0324769816726 3.42376015306
0.275819595352 2.97819815435
0.666187720369 2.59442937784
1.16599013583 2.37265101434
1.71037087895 2.29895764837
2.25940792244 2.26675883938
2.80899350437 2.24675762837
3.35413371874 2.17529291497
3.89975873227 2.10610119403
4.44470882858 2.03179601486
4.87566991688 2.3137561773
4.93308676898 2.86072216736
4.97173546525 3.4093358396
4.99262254505 3.9589142499
4.95665126946 4.49830029754
4.73078317916 4.99467956923
4.31529382363 5.34988180148
3.80499784021 5.55077658732
3.27926855547 5.71201512162
2.75299864815 5.87176810479
2.22577727214 6.02839976401
1.70999228067 6.16656605809
1.22716454344 6.3865245452
0.82172186012 6.75778337584
0.560493014802 7.23578293352
0.484112706054 7.77937352936
0.467010928717 8.32904266347
0.397146459173 7.83360918464
0.262153463616 7.30057190743
0.127025639575 6.76746001002
-0.028296202023 6.23990473786
-0.185650762356 5.71289900377
-0.341011278942 5.19366993077
-0.525853333997 4.67572518344
-0.736726213508 4.1677913327
-0.973764440014 3.67194990398
-1.35676634735 3.29679903915
-1.88255494733 3.15434352574
-2.43091386166 3.19373268509
-2.96683350917 3.27376405146
-3.48244967212 3.40548207467
-3.9827516078 3.61166413869
-4.23970228883 4.06132380663
-4.12972627306 4.5877746931
-3.99191160182 5.11603168933
-3.89885341651 5.65394731637
-3.7826062614 6.17874111539
-3.53119471775 6.66373464825
-3.11669848703 7.00989513449
-2.63933789272 7.28202954225
-2.1360822817 7.50122230773
-1.63705140797 7.72911882598
-1.1611121725 7.97099744201
-0.673445102536 8.22455660609
-0.187475488464 8.46441352682
0.296293438429 8.72602903381
0.781879093756 8.98384366745
1.28656546981 9.20239268689
1.78510052369 9.43467913513
2.27100599417 9.67456549345
2.77193037815 9.85837366509
3.28810215595 10.0230603541
3.76710853196 10.2738125181
4.18944688401 10.6127585126
3.82073231703 10.2697265041
3.3372632849 10.0432442786
2.8378667701 9.81414831562
2.3190606335 9.63200745208
1.79505268041 9.46493633471
1.29342676777 9.26048813377
0.776398665605 9.07391422876
0.258353503844 8.8896566432
-0.254562057077 8.69113822849
-0.780067494134 8.53307124549
-1.32730231039 8.4797514583
-1.87692249129 8.462546397
-2.41900581603 8.54093391623
-2.89569790088 8.80646266873
-3.22219002572 9.23541761916
-3.44706047092 9.71953931141
-3.66074560895 10.2263258005
-3.86576045372 10.7366599316
-4.08104739737 11.2253103521
-3.59811837548 11.4736767047
-3.0635599701 11.5593240146
-2.53727900217 11.7189332778
-1.99651623963 11.8129682975
-1.44824386943 11.8558216074
-0.900625334355 11.822096867
-0.413032374343 11.5795778432
-0.0544116303102 11.1649297312
0.24968432185 10.7162959667
0.596999648217 10.3017250431
1.07644348153 10.0423072664
1.61348321468 9.98526578874
2.16322483681 9.99911077789
2.7130575642 10.0107468833
3.26139306125 10.0523385817
3.79842021988 10.1234052906
4.33425683606 10.2461456063
4.86074911663 10.3738014508
5.40406892581 10.4586631306
5.94846680533 10.533690053
6.49765958547 10.5270269624
7.02534432009 10.4063438525
7.54369413479 10.2236585394
8.08004523061 10.1022168339
8.60328990337 9.96799349022
8.26115467093 10.3503358434
7.77969574003 10.61546208
7.29851976311 10.8818372804
6.81738364094 11.1482953013
6.33980339933 11.4210863628
5.85807060947 11.686430903
5.37985382325 11.9580097694
4.91374322343 12.2499412693
4.4576271675 12.5426814205
4.00751631483 12.8587319601
3.53877199069 13.129737043
3.02218416158 13.2902680245
2.52338311544 13.4009773197
2.02602647583 13.2804470784
1.51428468348 13.3678610111
1.01003487711 13.3381662546
0.523245602622 13.165511231
0.26919379108 12.7181597065
0.264609390203 12.1937078546
0.67602900129 11.8947344177
