-0.0671916851914 0.534008287946
-0.305744664619 1.02026051535
-0.521600107936 1.51304596761
-0.743774576613 2.01616091998
-0.967968003831 2.5183759915
-1.21004608309 2.97688526899
-0.953062427884 3.41029666351
-0.695875380434 3.89628845818
-0.399681703294 4.35957000393
-0.0869242258698 4.80705018941
0.239917046551 5.24441210233
0.0430457956563 4.75919388197
-0.32027437963 4.34646481042
-0.673375912152 3.92479698942
-1.03418500817 3.5317749712
-1.4665437925 3.23812476744
-2.00059720425 3.11651971718
-2.5504049122 3.10979552585
-3.09128428505 3.17506618702
-3.56157059168 3.43307664227
-3.81892293009 3.8904095352
-3.95135107231 3.39015076452
-4.09633390403 2.86387499439
-4.22301696197 2.33279405907
-4.36293962698 1.80094831931
-4.51110465241 1.27128358394
-4.67935290214 0.756212873459
-4.90742567118 0.283402665021
-4.3743015821 0.200087829369
-3.86653789489 0.388492010154
-3.3787909537 0.6243769207
-2.8643476326 0.792795376808
-2.33189677684 0.930605495632
-1.79591742098 1.05327791258
-1.24859799263 1.10587783652
-0.702046462112 1.16622822627
-0.154844580808 1.22124943692
0.391341736319 1.2855831389
0.934287199157 1.37177708716
1.48284377351 1.39190469291
2.0320363626 1.36546101604
2.58130860188 1.34027780682
3.13028775808 1.31257695035
3.67593439213 1.37759206362
4.19164925846 1.4659925761
3.76598230863 1.78648137957
3.22092001465 1.8567478829
2.67707916714 1.93774091398
2.16229927103 2.09194041281
1.63643216576 2.25282552042
1.12360667373 2.42622730133
0.685414619775 2.7470833137
0.426612581353 3.22913705223
0.24139737295 3.73919862967
0.0333960737057 4.2396786454
-0.178961229558 4.74696410944
-0.422377280772 5.23948232562
-0.716304118082 5.70425028195
-0.991607651496 6.15614941618
-1.34506868779 6.55785531485
-1.84679585796 6.76431511253
-2.37481528085 6.71527749097
-1.95580299834 7.00846670586
-1.52934238754 7.34264595543
-1.0883339349 7.6493943769
-0.64491354979 7.97472460951
-0.1959464129 8.2923755461
0.252986593939 8.59605383758
0.702563371518 8.9128467021
1.17969941548 9.18570704975
1.63138220559 9.41479256918
1.18169580373 9.66263948066
0.78509629596 10.0319959535
0.476716390606 10.4803142717
0.379821880829 11.0199009041
0.509177276278 10.5248250787
0.86909147321 10.1308797561
1.39594265044 9.98586594159
1.93249295033 9.99866903521
2.48170021008 9.98503095485
3.03083072815 9.9925353208
3.54235401518 10.1386180335
4.02769550335 10.3964761544
4.4994042524 10.6792718409
4.96466376631 10.972574202
5.40472955479 11.2718279974
4.90829068307 11.1687567239
4.67090462173 11.6637456495
4.36283718078 12.1096445885
4.05842693055 12.5628923676
3.67928469722 12.9576644442
3.18753234563 13.1854375924
2.67298908526 13.252702222
2.18459663559 13.4286510777
1.68840302993 13.6239023219
1.16448681759 13.6435686128
0.696179559772 13.3564630663
0.205676279278 13.1168782953
-0.279216185782 12.8573544096
-0.772936464174 12.6152002204
-1.29254063197 12.4368562023
-1.83289007483 12.335742586
-2.38036163325 12.2856695928
-2.92769909668 12.2323326116
-3.46471633264 12.2771377482
-3.71623769401 11.8231573929
-3.63280305416 11.2799656625
-3.53286319199 10.7391335835
-3.43122534712 10.2108453323
-3.28795041904 9.67990820547
-3.10251894512 9.16253426299
-2.81568775248 8.70502551946
-2.40316463578 8.35022495392
-1.94091919219 8.05219149587
-1.49048358925 7.74362490401
-1.03042866578 7.44224458009
-0.570259890729 7.14104121134
-0.103799076411 6.84968255506
0.358102145517 6.55111941561
0.830728058812 6.27041825979
1.35250204225 6.10157759797
1.89514749405 6.0130216926
2.42175402338 5.9029587353
2.95466208772 5.76808267322
3.47200471807 5.58175931009
3.98509950158 5.38444636605
4.38334989991 5.05416842744
4.70940982943 4.65291331036
4.6412340516 5.17709436909
4.18246550423 5.46875176641
3.66296130123 5.59803019928
3.15558494811 5.76509639104
2.61993255447 5.8524520903
2.0749371409 5.92500125608
1.52771934215 5.98019915651
1.01193724219 6.13180531225
0.654196946304 6.53738665517
0.52829781992 7.07040450603
0.515556104839 7.61991615024
0.54677354906 8.16881634621
0.720675482071 8.68491412783
1.09905265601 9.08055022749
1.58658738025 9.33182902236
2.10476774475 9.51612253525
2.6160857209 9.71759008687
3.14688568048 9.82648906307
3.67496132633 9.94638209925
4.20955838518 10.0311238692
4.72627507354 10.1941849851
5.23419834272 10.3655913715
5.73285734891 10.5753582846
6.27864612593 10.5813829442
6.78961482038 10.3840368406
7.25547812998 10.0996395549
7.68678421239 9.75888954561
8.06651677353 9.36184123021
7.68851025965 9.73929530123
7.22659518621 10.0376568097
6.7586205042 10.3013730353
6.27389201551 10.5155181669
5.73986457609 10.6408137011
5.19301591528 10.6133581445
4.69031375522 10.4039590317
4.18342055898 10.2140901576
3.67896794696 10.0161082873
3.16483465837 9.82093763526
2.63911832924 9.65938171304
2.11401133456 9.4958430514
1.59165400792 9.32379071625
1.08974754531 9.10150895948
0.719778440911 8.70884794651
0.605258274853 8.17512594378
0.602519369853 7.67513062868
0.601325886834 7.12594394435
0.74313737582 6.61211427745
1.10985481285 6.2180316936
1.61930774394 6.0173564934
2.16280862104 5.93392210779
2.69460210603 5.82964740483
3.23298176967 5.71811825847
3.74956963696 5.55500373443
4.24575725186 5.31896533934
4.71294654908 5.04420512382
5.1717184654 4.74095541826
5.63493066577 4.444767118
6.09612070216 4.14525905063
6.56172598121 3.85254745128
7.06045077236 3.62468529146
7.55109344644 3.39462584442
8.05225405167 3.18833804868
8.56711197499 2.99494409896
