0.0240865829723 0.504899060506
-0.217381340727 0.998983433718
-0.445853133737 1.49927827224
-0.704364291287 1.98451667681
-0.975983456894 2.45353339859
-1.22700815475 2.89378499705
-1.03016573585 3.38884723195
-0.760847976596 3.86830260551
-0.492300385488 4.32977011666
-0.209201977273 4.80130685166
0.0818750780232 5.26793415655
0.40113067454 5.71573823057
0.728403290828 6.13764522466
1.23516898665 6.26338734209
1.75895370433 6.0971813552
2.29122708777 5.99522651757
2.83242697395 5.89728684653
3.36395242241 5.79166032102
3.88588696328 5.64628976023
4.39969469778 5.45025558287
4.89670025253 5.2550177855
5.35053041125 5.03422485608
5.37067066554 4.50416593866
5.2524734739 3.96778313369
5.16690507485 3.42452091227
5.07064058241 2.8830282835
4.95210515597 2.37980683892
5.06267687437 2.87811537145
5.05171344724 3.42800514379
5.0243405743 3.97730097205
4.95728571848 4.51437288024
4.72793172381 5.01015401636
4.32809834673 5.37190467066
3.81379250255 5.5516338463
3.27061113127 5.63771977494
2.72861379965 5.73000840817
2.22936628833 5.91825329024
1.69859553005 6.05974396649
1.16740883089 6.1993937493
0.695194764331 6.45752179611
0.428141103766 6.92768283052
0.448713831957 7.46426858622
0.551851956915 8.00440279533
0.695540831756 8.53419847027
0.970899024968 8.98739129887
0.493996631701 8.7864220979
-0.0502861915673 8.71015394314
-0.587668499533 8.59306517716
-1.12252872801 8.50821330362
-1.6716121232 8.47888913421
-2.22056325652 8.50224683482
-2.73330852738 8.66967133583
-3.17122236334 8.97339027154
-3.39127844651 8.47196896803
-3.55392522006 7.94672445909
-3.70931818957 7.41914498112
-3.88347173384 6.89751680182
-4.0772750494 6.38282740603
-4.29506765882 5.87787362246
-3.84669823706 6.18571566436
-3.4458265471 6.56080260506
-2.99279031518 6.87217070259
-2.52691059898 7.16351784985
-2.14412013358 7.54678322618
-1.71422616347 7.88971214132
-1.28013525781 8.21355509157
-0.797971211828 8.46081961995
-0.375085423327 8.79515325068
-0.153112568017 9.29112502601
-0.127444020049 9.83182716025
-0.136574954801 10.3815301128
-0.176100026909 10.9260648492
-0.361101190349 11.4333656469
-0.777618044093 11.7572316134
-1.25380705501 11.9952929708
-1.75630065215 11.9349811113
-2.28855136252 12.0566423545
-2.82751345752 12.1661057428
-3.35561669958 12.2876499494
-3.85270894306 12.5166648364
-4.22903110529 12.9120666112
-4.42185809263 13.383221125
-4.08122852976 12.9880475081
-3.73992501636 12.5825932617
-3.23571902897 12.3750885421
-2.68881674534 12.322878103
-2.13896963487 12.3330536206
-1.59805312102 12.3647359339
-1.05708099539 12.4594534302
-0.538284895787 12.6407590106
-0.0420361495464 12.8776025205
0.437099275253 13.1309421695
0.93573552767 13.3615910237
1.47888471704 13.4265818067
2.02515396545 13.4844776997
2.5181121595 13.6285815721
3.06645301967 13.6693810399
3.6133827721 13.726664227
4.15762792725 13.8057795191
4.66233240983 13.9016190593
5.0663867337 13.5347167923
5.35330463296 13.074956626
5.6606025493 12.6188213959
5.96185099069 12.1683073854
6.27777352328 11.7580519713
6.67139463291 11.4068083016
7.03954638164 11.0090887509
7.43278316939 10.6363378651
7.84305930619 10.270077589
