0.0244767285504 0.509876439987
-0.221642821239 0.997050766276
-0.45142614418 1.4923348274
-0.685180080978 1.98132580084
-0.92912315336 2.47419826427
-1.19465327634 2.92348982265
-0.963278491435 3.36854014663
-0.616637500683 3.77460947016
-0.24036648479 4.17574510292
0.124272556367 4.57673412571
0.502906877368 4.9754677924
0.935470285794 5.31348340684
1.40410664811 5.58569415712
1.00161533083 5.93473545875
0.672620280152 6.3753899542
0.362199692584 6.82935871374
0.0836844306073 7.26513562606
0.443650375449 6.90178370594
0.752525940998 6.45843863153
1.2193598297 6.17948163589
1.75605200204 6.06014737512
2.29914604843 5.97333491913
2.83242662734 5.87693079663
3.36350089794 5.73546886026
3.88188331324 5.55179633386
4.37508597711 5.31134711961
4.75002819213 4.95068703955
5.23687401942 4.76931539154
5.76499163077 4.61703249745
6.18652813719 4.29336192588
6.06887781051 3.76080971941
5.93371666213 3.23653443417
5.80121117517 2.70359535089
5.59230220144 2.20385226614
5.49156681569 1.66427328854
5.45555295878 1.11554368136
5.49933480004 0.593845580618
5.55947277405 1.12454048127
5.47124945928 1.66724481381
5.42079492623 2.21489435041
5.36751316652 2.76225550945
5.29472619927 3.2993165178
5.19686005893 3.83238788321
5.0718965994 4.36781731538
4.86767965112 4.85920257034
4.49477650453 5.24779618201
4.00519249171 5.48937251941
3.47649919152 5.63179062143
2.98660955458 5.85597808057
2.44814158671 5.96216538171
1.91127790357 6.07822113589
1.37859462194 6.17406344359
0.907179569277 6.44702286686
0.630124463622 6.9060411002
0.558060210501 7.44948446402
0.57299730442 7.9990545889
0.690755641359 8.53375566962
1.00763958822 8.9745701739
1.4146489577 9.33582384748
1.86733525004 9.62646341873
1.54517528559 10.030837375
0.99744106489 10.070649443
0.52719918125 10.3317099701
0.226232970441 10.784441594
-0.00733349610344 11.2735124755
-0.258542191089 11.7627032429
-0.120526051783 11.2554781479
-0.134092804364 10.7056478176
-0.137521547227 10.1556791954
-0.169008266596 9.6071102319
-0.309837372435 9.08584543073
-0.663506021373 8.68496350603
-1.1707022769 8.48044240972
-1.71708227559 8.42315984655
-2.26625307252 8.39540563353
-2.81604206357 8.38342548772
-3.36603647462 8.38238959573
-3.91570161885 8.39008382256
-4.40186956964 8.51511915498
-4.35790540173 9.02047018151
-4.4433152133 9.56351922047
-4.49901759501 10.1106696973
-4.56779491153 10.6563498233
-4.62234670537 11.2036302433
-4.67867816104 11.7507235624
-4.75589704483 12.2952075511
-4.86958456544 12.7993835028
-4.32973831416 12.7783613079
-3.86369972501 12.5294168594
-3.36631859329 12.3499919084
-2.82291701858 12.2693285906
-2.27340101148 12.2712219229
-1.72725982404 12.3355912536
-1.18837100515 12.444292275
-0.677430099526 12.6447009795
-0.190703762477 12.8830868586
0.29308781861 13.1445649413
0.790824950616 13.3750812036
1.32580811414 13.5022077622
1.84817916452 13.6465899486
2.3343137586 13.8105462059
2.88334859603 13.7970796428
3.43263973013 13.7695128804
3.98187944624 13.7410001467
4.53154990686 13.7239520952
5.03320710903 13.6800681701
5.39847948761 13.3004430517
5.57494246619 12.7797864899
5.82595214552 12.2909062118
6.19798305231 11.9323605679
6.71573222341 11.7468983895
7.21205167964 11.5785479726
7.54789187017 11.1690629576
7.73400761266 10.6600368943
7.94956074994 10.1543035086
8.25089988918 9.69545574941
