0.236334154383 0.448146238886
0.377760562311 0.979411117137
0.559248539328 1.49010576434
0.764916594671 1.99968573467
0.876837543667 2.51399392958
0.512022270547 2.91276663153
0.21860842346 3.37697152313
-0.0245627511838 3.8613267269
-0.258680545764 4.35011067233
-0.500535147237 4.83515435885
-0.589354388169 5.328287481
-0.756219619367 5.83279476921
-0.982872216193 6.33388749565
-1.26150292264 6.80690929007
-1.61680232754 7.21594322197
-1.98185789753 7.62730204623
-2.34650005668 8.03898784397
-2.79594884278 8.35006559013
-3.12996872689 8.75465206973
-3.42927261599 9.21601577499
-3.73671050062 9.67193570624
-3.80090858663 10.1935196176
-3.49478049446 10.6445059858
-3.2303943341 11.113022047
-2.88446296791 11.5378684818
-2.39948721954 11.7900831848
-1.91088509009 12.024372035
-1.4151050589 12.2624827894
-0.930728345047 12.5220556304
-0.523175910512 12.8537687056
-0.381312712055 13.368878524
0.134125397343 13.5288960997
0.681966668354 13.4814987704
1.22377568466 13.4880077859
1.77361818728 13.4913834198
2.32229798254 13.4573282379
2.79961768904 13.2432708514
3.29765126576 13.0835868681
3.79520590216 12.8577171008
4.18623559964 12.5047829764
4.25723867323 11.9714706689
4.34754050401 11.4496000477
4.18162504102 10.934670666
3.87899798856 10.4860341418
3.48647582351 10.1139819923
2.97601386024 10.0034211677
3.51828740641 10.0288773902
4.03680681433 10.1866140091
4.56139847309 10.3512676059
5.07901585965 10.5370034689
5.60693578238 10.6559753017
6.15584507439 10.6705869165
6.70195511977 10.6066549756
7.24979572477 10.5587330864
7.79773866886 10.511224716
8.34521934859 10.4591081723
8.85440150948 10.3544926482
8.77909697376 9.83184603187
8.36190302798 9.47347591173
7.87092578013 9.63785057177
7.42516633125 9.9569559073
6.95612612278 10.2122030706
6.47778083016 10.4490842572
5.95108032767 10.6007729076
5.40808996395 10.5418872285
4.8976411645 10.3381464478
4.39482425635 10.1358702739
3.87969765474 9.96800426173
3.34691401613 9.8315433375
2.81952768192 9.69020848148
2.29325242153 9.54491298878
1.78573639624 9.37889359838
1.27622893478 9.19412626383
0.833449923947 8.87986764513
0.646411146516 8.37753110075
0.606213544301 7.82911888601
0.585346049372 7.27957101801
0.687871813909 6.74389276118
1.0695314628 6.37294636031
1.59232815553 6.2048371523
2.12303466513 6.06221695577
2.6617275235 5.95132952977
3.19748750221 5.82707674951
3.71329156786 5.63845538433
4.19625357718 5.44975588212
4.6663098782 5.16489199193
5.11350284808 4.84483177236
5.04269151168 4.34729773231
5.00880923443 3.80560325852
4.94338723223 3.27283606922
4.63418322021 2.82538854768
4.1464112572 2.58233659715
3.60280905 2.50475185197
3.05542039709 2.45381972432
2.50661982709 2.42008726816
1.95784359618 2.38456266287
1.4252670373 2.34603309942
0.876466466262 2.3109287732
0.326529538039 2.30421733129
-0.223469324748 2.30487382533
-0.723468168513 2.30594910854
-1.27341773803 2.30144807467
-1.82340106099 2.30515714968
-2.37338264928 2.30802411714
-2.92332594366 2.30015457103
-3.47326658836 2.29207451545
-4.02308973891 2.29999228245
