-0.288488460352 0.443398448546
-0.782197194624 0.666930250267
-1.25725870202 0.943232565205
-1.71502075903 1.24804929304
-2.17699368778 1.54643864755
-2.61955359835 1.87285823147
-3.01143890354 2.20039478134
-2.62442831816 2.54508838089
-2.15985977215 2.8393728751
-1.69480484648 3.13296860874
-1.26397214727 3.46037797384
-0.948847358529 3.89817614362
-0.722955714186 4.39947673166
-0.514531539311 4.89979197869
-0.281072241449 5.37793102401
0.0264050340055 4.95468805653
0.136747600374 4.41605226788
0.22988571003 3.8823104705
0.280626782875 3.33469102947
0.453939147831 2.81656748208
0.841110342618 2.43351312274
1.35719071512 2.25273446421
1.90294565171 2.18548059138
2.44486498598 2.09198605668
2.98396383074 1.98306430386
3.52049382595 1.86231392306
4.04628161259 1.7014135053
4.38860863044 2.09058851625
4.65160945526 2.56897027574
4.8586849131 3.06903830125
4.94642474884 3.61074010911
4.93580017913 4.15998898033
4.89063061668 4.70001919241
4.73159426812 5.17972832188
4.24546689328 5.41083245922
3.71659971471 5.56164456246
3.20028696195 5.72596631293
2.65740346596 5.8065977278
2.11496842408 5.8953715238
1.5888476081 6.02540120021
1.06622833298 6.19278037473
0.645442438668 6.52685886638
0.430633012089 7.01991579499
0.376294524472 7.56647751267
0.403644464826 8.11530145001
0.500651595104 8.6562308799
0.689349275663 9.16337878878
0.924614416849 9.61142649685
0.619278263721 9.21259249426
0.136888656352 8.96557469246
-0.334872428925 8.69883761526
-0.83202000702 8.46418664803
-1.3707804848 8.36033541483
-1.9143803344 8.2783474066
-2.44501260802 8.13493624393
-2.97097547362 7.97414617461
-3.50098366638 7.82752501556
-4.0262016942 7.69374093141
-3.98310661157 8.20280340665
-3.88446449407 8.74360628907
-3.74368554405 9.27519577577
-3.59096220047 9.80338994063
-3.41661368758 10.3165165512
-3.25926260771 10.8351366754
-3.02965804654 11.3337770974
-2.72976455209 11.7941719092
-2.30326355755 12.1147326116
-1.77479020932 12.2649115978
-1.24296799504 12.4029261597
-0.784290992504 12.6840919757
-0.490855679477 13.1366870849
-0.350962341578 13.6564007193
0.0874851213714 13.9123218427
0.636019157563 13.8724031387
1.18564520709 13.8526637336
1.72754469495 13.8424225117
2.22672359285 13.7932161674
2.71494654684 13.5683885022
3.20916427383 13.3460990174
3.69104370027 13.0980068766
4.15955490604 12.8949828903
4.62512239976 12.6048907536
5.0822678091 12.2991329627
5.5345995004 11.9863381419
6.00227832597 11.6969568223
6.44656008178 11.4544244043
6.93463355498 11.2344110927
7.40400276336 10.9797634628
7.89131098087 10.7255540751
