0.507817472025 0.170061449004
0.96671077414 0.465719469679
1.44710019192 0.716333780612
1.94631156837 0.946231425393
2.40906228356 1.2430568343
2.84973124742 1.57181094731
3.28751518097 1.86765727835
2.79234194587 1.94201433449
2.26324649024 2.09039064157
1.73326973394 2.23630046395
1.199937309 2.33119256756
0.700854282199 2.5578377073
0.250106364085 2.86302436787
0.0465959038934 3.36840325684
-0.0278576815556 3.91298555382
-0.0282566357273 4.46256813404
-0.449215460224 4.16060200746
-0.840231720348 3.7738746849
-1.25411528107 3.42512330298
-1.73766881721 3.16675934286
-2.27975942461 3.08389017437
-2.82620625197 3.02182791117
-3.3704834511 2.9432792712
-3.9026228253 2.80613610915
-4.39065239278 2.6550956913
-4.2994461344 3.16462904019
-4.24708370434 3.71199272699
-4.18895020054 4.25889593799
-4.11807458607 4.80420994446
-4.00429618501 5.34202374533
-3.86703349332 5.87047763495
-3.66148004783 6.37497903512
-3.40258898806 6.85878718389
-3.0042587535 7.21948667545
-2.55482416488 7.52181770532
-2.08539725422 7.8069482658
-1.59358356854 8.05315313727
-1.11112137443 8.29995865841
-0.652222943453 8.60257588553
-0.237134727754 8.96273320818
0.148060131221 9.35527961164
0.519562514223 9.73886712025
0.336454042219 9.26878785413
-0.118160242221 8.95927626223
-0.58753845226 8.68919046669
-1.09833229346 8.51044064048
-1.64340814847 8.44527913091
-2.16792864447 8.55977235978
-2.60235024022 8.88955798501
-2.92689517117 9.33308867886
-3.27989136965 9.74390541922
-3.5606458615 10.2161708597
-3.83386519019 10.6934570358
-4.12185515457 11.1620160304
-4.39433494052 11.6049643462
-3.88786043381 11.6541952548
-3.33799422034 11.6633104127
-2.79107153887 11.7195733591
-2.24509804674 11.7858948618
-1.69688692863 11.8293815514
-1.15551149273 11.8455587333
-0.635188163193 11.7088684681
-0.225725688885 11.3485107986
0.0693438119063 10.8847977952
0.378733562449 10.4412178587
0.818994861663 10.1308191113
1.35050308996 9.99835163376
1.89975899581 9.97496109272
2.44967413182 9.96660457051
2.99890573431 9.98548920203
3.52849546414 10.0953784705
4.04025855365 10.296170593
4.54102869993 10.5235018776
5.01031678605 10.7255096893
4.89194084833 11.2411459891
4.61351344797 11.7108063812
4.31794817099 12.1746189374
4.02233261105 12.6383156687
3.66571138429 13.0497987885
3.19857281092 13.329175473
2.71535642498 13.522752799
3.19780356116 13.3897150816
3.66415970423 13.1338071054
4.08409170552 12.7924812208
4.51019194142 12.4457743317
4.92517112646 12.0913942169
5.3286167297 11.7235006019
5.71488479642 11.3326027352
6.10758270794 10.9593300065
6.51590511411 10.5908659135
6.92863421116 10.2273572953
7.30799477114 9.84129649094
7.57140039182 9.40926097147
7.52117653265 9.92566263258
7.04496284596 10.1823257704
6.56571331956 10.395190756
6.05181332559 10.5638155615
5.50775557279 10.5906153342
4.98016161914 10.4556992342
4.462743979 10.2945399825
3.95152014345 10.0919307469
3.43784245677 9.91914883891
2.9217406956 9.75387932677
2.40165697605 9.58798033194
1.88784577864 9.4033506651
1.3777840169 9.22014786514
0.905488336206 8.95901238454
0.593937097 8.52289783096
0.499756642901 7.98309271632
0.475362952495 7.43372461783
0.386047338073 6.89140581144
0.341594698021 6.34333328875
0.313979440061 5.81012970914
0.328306179506 5.26038596264
0.327373170128 4.71038685474
0.316143352226 4.16098800375
0.244586778129 3.62378388621
0.283005838263 3.07870908992
0.59277820515 2.63367653574
1.07099267671 2.36670250686
1.60883772019 2.25840583223
2.15822441994 2.24144123648
2.68555426239 2.36032345734
3.21145350177 2.49103456439
3.70670026465 2.65940120438
4.31712089392 2.97135768227
4.82101317142 3.03890994478
5.10978455508 3.48479297818
5.38007608548 3.96328326852
