0.515365485747 0.172704671341
0.958920665168 0.459656364812
1.43411690121 0.720242867398
1.9284931624 0.941913408418
2.4079985217 1.21112463426
2.85390148519 1.53068054887
3.26284689671 1.87202705602
2.95768170389 2.27289579159
2.4079185822 2.26287974967
1.85811510774 2.27728334479
1.30886398266 2.30554959899
0.767648626358 2.39625120303
0.298232065483 2.66923727057
0.157993937684 3.19167147878
0.0878545160375 3.73667370101
-0.0249635575951 4.27481324849
-0.141748997674 4.77618693142
-0.437674952553 4.32402333561
-0.8436034063 3.95330348521
-1.24529644849 3.59066599755
-1.72163299999 3.31667353821
-2.21277012616 3.08794727861
-2.72578488928 2.88973823887
-3.23913939966 2.69241344122
-3.75006530892 2.51154739434
-4.02043577484 2.9807610528
-3.97281434228 3.52850842214
-3.93420670423 4.07708764543
-3.91998600352 4.62687620218
-3.91365825785 5.17681314622
-3.86854285034 5.72490411424
-3.7284434699 6.25375168081
-3.48531484156 6.7464671
-3.0758204976 7.10390063437
-2.61055798952 7.38167699109
-2.13931623854 7.66510968898
-1.67051384375 7.95272530266
-1.19500885457 8.22901896848
-0.731320821119 8.524483794
-0.301206587688 8.86692892673
0.11184436792 9.23008361719
0.479195892922 9.57556858728
0.175424627739 9.12980329787
-0.27365249696 8.84416875382
-0.766772182505 8.6259861744
-1.29358246778 8.50064578293
-1.84069987599 8.4490973196
-2.37799080499 8.50134566683
-2.84913252481 8.75564489627
-3.1382671747 9.19942831667
-3.31721681763 9.71100088055
-3.47708506416 10.2288325062
-3.66731218339 10.7447005463
-3.91018978072 11.2288221386
-3.48270058213 11.5225053588
-2.94397073347 11.6323699373
-2.40399948719 11.7365790864
-1.86205350983 11.8299155076
-1.31371243397 11.8689294741
-0.774399560875 11.7809918574
-0.337075999398 11.483832276
-0.0298993671081 11.0302174822
0.235725134555 10.5488286479
0.621724974416 10.1870940661
1.14648565783 10.034399027
1.69572791789 10.0162230804
2.24564953356 10.0227623718
2.79557468937 10.0249861759
3.3425125857 10.072419527
3.8413165313 10.2961756133
4.25282634077 10.6471446402
4.20373462994 11.1513109954
4.13652705651 11.6970619682
4.02949296081 12.2278349924
3.77138583952 12.7087586427
3.32363793816 13.0207339555
2.8550115918 13.2842690937
3.3939543526 13.2490332583
3.85362116294 12.9791100927
4.27271198552 12.6239021849
4.69383180733 12.2704313842
5.1192408393 11.9218791116
5.54515781492 11.586717521
5.97239080226 11.2597466968
6.40358507397 10.9248518383
6.84006110912 10.5902256474
7.27927778899 10.2592016017
7.72275937385 9.93392591418
8.15853630012 9.61166194544
8.60529587463 9.29090035264
8.17675327559 9.60521041845
7.68287107706 9.83783149451
7.19366176244 10.0891537264
6.70782151664 10.3469452378
6.21954769429 10.5614219096
5.67740630037 10.6377617333
5.15495347991 10.5036455703
4.66494985365 10.2955008693
4.14883161005 10.1058361802
3.62451504499 9.94215038126
3.09213829691 9.80416829783
2.55809109151 9.67271244671
2.03354161787 9.52147379134
1.51530559601 9.34960335199
1.00568086714 9.14417955384
0.596503116619 8.79947083946
0.508503364479 8.26371600629
0.513308455231 7.71380956177
0.475946062031 7.16524514631
0.347524158685 6.63089455232
0.309426244935 6.08237817417
0.274153919046 5.53356190869
0.275591169389 4.98361209577
0.260188573203 4.43383454215
0.253941959072 3.88388337379
0.270307057039 3.33455718377
0.46132359906 2.83278884004
0.859722772003 2.48699612501
1.38752007414 2.34050699287
1.93636141522 2.31383245719
2.48584531551 2.33616522667
3.0357069493 2.32777091817
3.58443224733 2.36323759541
4.12962247658 2.4346188901
4.65956010036 2.54811492702
5.15565384921 2.75952131164
5.5461307301 3.13760210393
5.87545516716 3.57243870329
6.21991074411 3.99038536338
6.52976531988 4.44475831089
6.84764207932 4.88360424082
7.19117743971 5.26555390783
7.70944885168 5.32719994451
8.22679418912 5.48235877461
