-0.00958263377249 0.536588075852
-0.241953583143 1.00829084156
-0.4709395975 1.50830474881
-0.710324560831 1.99451333895
-0.973822289143 2.46813590086
-1.25472490213 2.91259434503
-1.0260878505 3.38313677338
-0.702714268736 3.82794401265
-0.378937607121 4.27241040521
-0.04073579658 4.70611485172
0.29409600744 5.13229330821
0.639146633639 5.56057374458
0.969537759421 5.94250945113
0.647969947475 6.32998301785
0.131336154434 6.51803333046
-0.365276672009 6.73488358765
-0.874506013851 6.94265661995
-1.39066106819 7.13223179879
-1.90746891634 7.32036562207
-2.41188518406 7.51854044189
-2.76986683555 7.91597442532
-2.98004352145 8.40389268676
-3.20325380402 8.89776868267
-3.43678036081 9.39570875712
-3.67999669726 9.88004083243
-3.93623416712 10.3666845469
-4.18359862353 10.82496046
-4.17292568508 10.2820055155
-4.19298837368 9.73261051291
-4.19422949482 9.18262061634
-4.18010416964 8.63282004868
-4.15966629418 8.08321309781
-4.12251864035 7.53452619258
-4.07602919807 6.98653348437
-4.01791649102 6.43971960856
-3.97310342557 5.89156426314
-3.929024097 5.34334132271
-3.75855500192 4.85109581553
-3.71175397702 5.39606528678
-3.81031373691 5.9369344038
-3.8516904762 6.48488139291
-3.81433723197 7.03345558101
-3.76962834068 7.58162195951
-3.71915333904 8.12927035847
-3.67245203727 8.677263168
-3.61831048758 9.22455487044
-3.53503848173 9.76816039261
-3.42681852229 10.3072119471
-3.29197865077 10.8404083028
-3.02599888692 11.2962915525
-2.566147215 11.5714107669
-2.02012417522 11.6042380989
-1.50742701546 11.5844434787
-1.04913092214 11.862076636
-0.770212350634 12.3358356845
-0.44382658554 12.768409822
-0.119619750493 13.2027048102
0.213642831546 12.8288916387
0.291499395679 12.2844725209
0.327796582029 11.7358458273
0.344233957751 11.1861219406
0.415822279326 10.6582489566
0.732596750732 10.2305702273
1.23706153413 10.0193446558
1.76738346647 9.90774811189
2.25441090229 9.78586371827
2.77130552406 9.85723150465
3.28927672681 10.0420509711
3.80296998602 10.2374013588
4.28753506982 10.4973574471
4.77451053588 10.7529916499
5.22206558212 10.9806499586
5.62399598201 11.3283258496
5.97129328818 11.7547957042
6.31780085705 12.1611005597
6.64234102821 12.5495172683
6.34374643928 12.1471038384
5.88507060478 11.8449085678
5.44652655993 11.513021841
5.00738484159 11.1818961816
4.56640600654 10.8532084449
4.14191025906 10.5162843065
3.68595038401 10.2099863516
3.20896497586 9.95308497986
2.70504153717 9.75401109008
2.18941671832 9.56265691478
1.68544183408 9.36327694911
1.18692169278 9.13199019139
0.81658401946 8.73629182282
0.656476575862 8.21277717861
0.630081110131 7.67173261694
0.636844385908 7.12208811503
0.784897479791 6.59717547048
1.20627580876 6.25770513824
1.740209269 6.13310312869
2.26484940535 6.0039831872
2.78211205262 5.81725781406
3.30605982226 5.6639293225
3.81828223676 5.47550521925
4.28081534308 5.19943254063
4.57645623229 4.78554308494
5.0737151182 4.55923012638
5.5589557145 4.30034037759
6.01007481286 4.01522648383
6.49519818888 3.77446976852
6.96465327115 3.57827541821
7.39007974416 3.26075288366
7.77945393888 2.93711096691
