0.0813408707241 0.535208498597
-0.017174412254 1.07591089338
-0.0949216611903 1.61227092885
-0.19233736901 2.15356359272
-0.284462110467 2.69576422067
-0.405382459609 3.23222440151
-0.549079504506 3.7630318935
-0.73167156301 4.24200842321
-0.333537578884 3.87765942078
-0.0402540982709 3.41269208023
0.282727519436 2.97745282363
0.65458843867 2.58668527003
1.14993294937 2.35405643239
1.69283072702 2.27356464678
2.24266019514 2.27712961817
2.79259786281 2.27027396674
3.34249887594 2.25983961237
3.88414577788 2.26800426513
3.36920432315 2.13992547591
2.81983958888 2.16624117862
2.27119987495 2.20442887002
1.72965202657 2.27357254425
1.19658384048 2.38806414257
0.718898770826 2.6519085025
0.323625182832 3.03414430083
0.0214843630788 3.48107957215
-0.170690701522 3.98743816025
-0.361796623499 4.49447084719
-0.582764200628 4.99785041437
-0.888799662202 5.45424212442
-1.1657473242 5.92919456903
-1.45600670123 6.39626375008
-1.75604642406 6.85653101112
-1.86528103157 7.393834901
-2.05923793059 7.89973745082
-1.54137291453 7.82461595043
-1.09520276803 7.50308615111
-0.637863082233 7.19763349945
-0.187428785124 6.88211172579
0.277169324828 6.58788332064
0.739711772523 6.32132134779
1.24963681751 6.11818319988
1.7890624001 6.01486392726
2.33666987305 5.96423201605
2.87168789593 5.87913821461
3.40944375057 5.76382140963
3.93882150879 5.61491035795
4.46534682297 5.48709697458
5.00796536321 5.39902397681
5.55678819698 5.36487064152
6.10600697006 5.33955029004
6.64216697057 5.26586641324
7.19021654705 5.23028966666
7.6971101278 5.12975557288
7.15506884978 5.19188641757
6.60524814317 5.19978663729
6.05621754083 5.23224392798
5.51579113578 5.27287974949
4.97535737501 5.37341051659
4.440262023 5.50045107642
3.91590715182 5.63566299817
3.40438293159 5.81159430552
2.86174604823 5.90075869261
2.3283980575 6.03408955363
1.78872438199 6.13704210417
1.24639966918 6.198371323
0.730359790821 6.37153591635
0.258109959376 6.65271380646
-0.209538700484 6.92662786995
-0.664938998642 7.23486273623
-1.12380359076 7.53806999794
-1.57600518983 7.85113019818
-2.02401718009 8.17012299533
-2.47293577897 8.48782327468
-2.85083992963 8.88216866321
-3.09504498094 9.35616516759
-3.2899058889 9.86186195848
-3.49011803461 10.3655090746
-3.69870753828 10.8657596863
-3.91325097301 11.3634530101
-4.06728389684 10.8840293725
-4.11537143794 10.336177291
-4.13706210079 9.78663490902
-4.18792546243 9.24708908837
-4.22958190244 8.69868375556
-4.31291814297 8.15529964
-4.38231586272 7.6097654483
-4.43969763891 7.06277282735
-4.50721429696 6.51701668578
-4.55421928682 5.96906751219
-4.62224514637 5.42348403529
-4.70853112265 4.88030132047
-4.80509212637 4.338855042
-4.94196287337 3.8065934066
-5.12742663372 3.29310955123
-4.7997530702 3.69738775864
-4.72899470818 4.23461358385
-4.63956031808 4.77721438331
-4.55354338384 5.32044168515
-4.46742413084 5.86364227087
-4.37704519307 6.40615032004
-4.2710284464 6.94581757786
-4.14925893903 7.48213942075
-4.02471634725 8.01783913579
-4.01000953469 8.56591989939
-3.91392430408 9.10546038163
-3.77864309278 9.63854630445
-3.6298455257 10.1679878825
-3.46640248728 10.6931356832
-3.21077582256 11.1681470091
-2.83506057224 11.5551724714
-2.36089794628 11.8324544129
-1.86379359499 12.0480608056
-1.34924502185 12.2420616148
-0.883500908757 12.5162340473
-0.497393164678 12.8952176429
-0.0200581630071 12.7035265146
0.0432416766738 12.1653933761
0.119129601598 11.6287600771
0.210580320547 11.0864228804
0.391772674438 10.5707145898
0.781309056767 10.2151802366
1.30939210306 10.0718520775
1.85852111352 10.0439600001
1.35932049003 10.1414539796
0.820958171538 10.1927347636
0.481146294853 10.606692621
0.41683782338 11.1509978823
0.434203739848 11.7006738293
0.446698447647 12.250447089
0.561384470397 12.7854893659
0.896264331303 13.2127532884
1.39117574788 13.4476746081
1.92275168574 13.5482822903
2.47145264036 13.5800153622
3.02067470013 13.5515889191
3.5698733542 13.5241123252
4.10946078657 13.5340164752
4.61078728361 13.533411611
4.98810485158 13.1461557757
5.36026729102 12.7523211083
5.75105376394 12.3653324427
6.21213703176 12.0905090429
6.69590729819 11.846194533
7.15788518739 11.6083980473
7.57072534446 11.3222321182
7.86334480072 10.861458849
8.05855624023 10.359089889
7.97000498546 9.81672196062
