0.0389049845033 0.545539986058
-0.0622513483883 1.08554691034
-0.133166711993 1.63094513359
-0.223545673676 2.17341745913
-0.325885901985 2.7056305318
-0.453193801106 3.24064950363
-0.590517679662 3.77320338133
-0.729069970432 4.25368791565
-0.361809262737 3.89210424036
-0.0581480781446 3.43856733561
0.264658239559 2.99825058094
0.641326342953 2.6120860731
1.12770586715 2.35907012024
1.66431216307 2.24469085963
2.21366889221 2.2221437727
2.7612011442 2.1733546374
3.29753471204 2.09554409656
3.84003588306 2.00529374987
4.35805286524 1.91402605303
3.84457046861 2.08367049454
3.29495393817 2.10294793752
2.74644367701 2.13996112534
2.20189345529 2.21695361812
1.66494665147 2.29066525854
1.13155717111 2.42125458544
0.610608159545 2.5955863272
0.215903900916 2.95439763962
0.0451764213639 3.47561637975
-0.0743143030368 4.01192306779
-0.109061250178 4.56032217819
-0.00674325190692 5.09980847141
-0.0186246992289 5.64883121308
0.0324022314305 6.19230551122
0.144525403386 6.72756341995
0.162896161771 7.27705662505
0.240569217399 7.82145861466
0.345706859833 8.36129027467
0.549045975575 7.8708312083
0.513559762012 7.32218739858
0.60672787784 6.7911603163
0.924518554587 6.3534420349
1.42807822014 6.13964558877
1.96169280169 6.00716495548
2.50403328099 5.91626946422
3.03523947391 5.77401800497
3.56220389779 5.61654211218
4.09008359118 5.46219834177
4.62224539667 5.32337873326
5.16757441437 5.26161731366
5.71631426397 5.23383444178
6.26512903075 5.1987804062
6.81318667852 5.1536506569
7.35869472015 5.08402730401
7.89881330728 4.98170462614
7.39299482785 5.05878066839
6.85545508182 5.12775718379
6.31112038725 5.20616580968
5.76718789926 5.28758445662
5.22263471153 5.36467117422
4.67613782155 5.42602510205
4.13911417367 5.54273394692
3.61818181731 5.71881927685
3.09094600212 5.84265971496
2.54628863123 5.91895187334
2.00875761147 6.03362004197
1.48674661478 6.17398712703
1.0660535313 6.49280578473
0.846526465674 6.99218972785
0.727468804135 7.52857093148
0.63219511707 8.06925442412
0.615434404047 8.61898313986
0.572330983672 9.16677939664
0.534337047436 9.71542678707
0.4947667687 10.2639813014
0.460447420189 10.8128908426
0.453579039618 11.3628106424
0.441872826806 11.912509385
0.400973594218 12.4529612155
0.403157685813 13.0026344786
0.383493402537 12.486695399
0.326679081741 11.9396540591
0.266410432056 11.3929778263
0.195376902318 10.8475905111
0.123307094073 10.3023965924
0.0653408452105 9.75547277232
0.00978433460706 9.20831574667
-0.0544569747504 8.66210569477
-0.122977856575 8.11645166161
-0.214826906012 7.57420246518
-0.341615120836 7.03961745003
-0.461862600895 6.50295340075
-0.57984748383 5.97395273518
-0.698644336205 5.43702562531
-0.821037425578 4.90089504757
-0.963851975301 4.36985978738
-1.18932311713 3.87014505175
-1.5114479509 3.42751228939
-2.00617408709 3.20345521287
-2.54622128195 3.16796348805
-3.0909561567 3.23601304151
-3.60476156608 3.40360392698
-4.05680837728 3.70019340211
-4.2267578052 4.18022009965
-4.17640146292 4.71865127358
-4.11360172601 5.26470245959
-4.01437719878 5.80159417303
-3.82674053051 6.311137935
-3.47545000033 6.70772218169
-3.02283794234 7.01942498871
-2.58561517054 7.33722126781
-2.16396308324 7.67677397728
-1.72687101224 7.99724259242
-1.2868337094 8.313549538
-0.843202417206 8.62425171878
-0.507766611002 9.05548222826
-0.36892945697 9.5670125535
-0.273814646696 10.1086555814
-0.181700361198 10.6508616842
-0.0855390913897 11.1923794875
0.0440379425738 11.7225301017
0.190522953458 12.2401551979
0.370609868438 12.7504920898
0.712757322112 13.1630136574
1.20538690712 13.3788877491
1.75154610048 13.4367071562
2.30149530241 13.4341960261
2.85129407133 13.4479986253
3.39160100317 13.4267475357
3.93302634243 13.3301124086
4.47140205209 13.2176643297
5.00137338032 13.104202841
4.4811061556 13.1955067586
3.93225157349 13.2262782516
3.39092611651 13.3229593797
2.84803816754 13.409872975
2.29956481198 13.4505123784
1.75044029853 13.4801199291
1.20298238935 13.437545411
0.68680642793 13.2520445045
0.191008176135 13.0141471991
-0.303069936142 12.7727564001
-0.788849619434 12.5328631403
-1.31229549238 12.3999533169
-1.86192720412 12.4002140952
-2.41184715044 12.4024707006
-2.96182862983 12.3984121212
-3.51178416138 12.3924589819
-4.05639557645 12.4217998872
-3.52337733617 12.4349302947
-2.9765911825 12.3758536909
-2.43610113202 12.2754851255
-1.90943948397 12.1174329835
-1.38390754731 11.9553245854
-0.89140316349 11.7328221816
-0.496134252374 11.3763285684
-0.165915155865 10.9474548577
0.117733865907 10.4764177471
0.508971571856 10.0962717612
1.03617048551 9.96872676097
1.57793242381 9.98417191151
2.12778841399 9.99623945845
2.67729452827 10.0161943106
3.22708484455 10.0038442413
3.77155862878 10.0743268156
4.2913485801 10.2274123003
4.7883490932 10.459184492
5.283963363 10.6749495733
5.82553243099 10.7631583421
6.36671165929 10.6775660512
6.88658783424 10.4982605671
7.40201762136 10.3063491684
7.8978829688 10.1604481163
8.16868880612 9.69709445944
8.1881293459 9.17490111432
