0.00651459432852 0.530896679245
-0.0792892152602 1.07346156645
-0.14818131 1.61498757468
-0.24651482581 2.15202081582
-0.340215141937 2.69393652117
-0.469328371941 3.22029411355
-0.607877508826 3.75254120158
-0.744506400424 4.25153542725
-0.350154002999 3.90116139878
-0.0474563446719 3.45159374166
0.257513685181 2.99411050984
0.653409024622 2.61617966247
1.14516835857 2.37383761354
1.68704810392 2.28797105863
2.23648097302 2.26437768191
2.78439451442 2.21673050925
3.33003451841 2.1480505562
3.87165984934 2.05326398951
4.40933126127 1.93748144824
3.9135664911 2.12460451635
3.36608182688 2.17048538363
2.81618095476 2.17560729666
2.26997745987 2.23760171875
1.72991126281 2.34153298342
1.1997567717 2.48579692983
0.753211666446 2.7803524013
0.52823561057 3.27582357561
0.470509930189 3.81437636482
0.348662779828 4.3504310016
0.324937844115 4.89868681871
0.317435118234 5.44739848741
0.293774811047 5.99623703482
0.330429265521 6.54448669588
0.356047704293 7.09313413333
0.340560599152 7.64291306146
0.355483996047 8.19245591622
0.41256728662 8.71702408676
0.534715991198 8.19079293752
0.472037584742 7.64439763001
0.469298339696 7.09563024308
0.659924068433 6.58555340462
1.0691827948 6.22543598983
1.59000772884 6.05636878723
2.13327578504 5.97089600425
2.67699934638 5.88844123859
3.21675370367 5.7828541378
3.74136101664 5.64739793383
4.26851167797 5.49084452373
4.81262537088 5.41683954456
5.36112667708 5.37799984128
5.90466805492 5.29493377563
6.44458282433 5.19017340719
6.97374263025 5.07300936172
7.50603981355 4.93479718808
8.02659264165 4.7840144093
7.50496546119 4.94062438329
6.96157374891 5.02447946102
6.43126361564 5.11494244174
5.89532287503 5.21875659715
5.35757492419 5.33411102176
4.81977210061 5.4492618973
4.2830720322 5.56923580866
3.74013714201 5.65654517926
3.2001684638 5.76075126477
2.65732945101 5.84889841942
2.11956823245 5.96393286708
1.58008339097 6.07072543484
1.06741146806 6.26290025488
0.692411193287 6.63589271233
0.528704153624 7.15644936918
0.387916351774 7.68648264615
0.264149943062 8.22172533123
0.207176265866 8.76868378684
0.195686901131 9.31803537964
0.196917856084 9.86787635191
0.181310330638 10.4175909306
0.126957694127 10.9636208704
0.0932537836522 11.5111551522
0.101851996274 12.0610550577
0.0992932655696 12.6110269856
0.081790961413 13.1607188437
-0.0233767165573 12.6466408016
-0.0728887966544 12.0988763007
-0.110450668067 11.5501864999
-0.137821356568 11.0008759796
-0.158784846166 10.5013156408
-0.196449212022 9.95267327101
-0.243562882289 9.40469952408
-0.287737673523 8.85650154799
-0.336101567544 8.30872941393
-0.388453414004 7.76126788671
-0.463907639879 7.21650701975
-0.557347618193 6.67458064713
-0.635201803864 6.13013766462
-0.728646825229 5.58818292951
-0.780410509815 5.04135823805
-0.803677319799 4.49192751315
-0.871652294173 3.94670811142
-1.14410030913 3.48760169275
-1.67787648258 3.4050781929
-2.22599450103 3.45047042903
-2.77283372243 3.50906323782
-3.318255531 3.4655533577
-3.85536098113 3.48844882202
-4.36873062886 3.68480499531
-4.45637106099 4.20404730034
-4.32018071144 4.73676425276
-4.13509885604 5.2459291157
-3.93596418194 5.75860780901
-3.70579443824 6.2572127815
-3.37635689358 6.68526355264
-2.94248520793 7.00839598575
-2.47915396814 7.3044223035
-2.032451918 7.62528396163
-1.5919281141 7.94102215665
-1.15215801802 8.27128895565
-0.747375647842 8.64304760222
-0.437647085616 9.09467653759
-0.287440465945 9.61384436608
-0.181813884929 10.1535758295
-0.0882226870625 10.6953618769
-0.0082257760387 11.2394385821
0.106058956677 11.769153983
0.232574659954 12.3043949118
0.393726745676 12.8207960287
0.746003708596 13.2335852118
1.26363792048 13.4083438356
1.81239056577 13.4401589914
2.36235148448 13.4424358103
2.9114967454 13.418737015
3.45728172606 13.3508731584
4.00515579841 13.3030037831
4.54009618802 13.2185413223
4.05970294571 13.3890251098
3.51085539891 13.4227274024
2.96462834328 13.4869250679
2.41699526961 13.5370319401
1.86827004552 13.5743890505
1.31866983469 13.5881901577
0.775259422067 13.5112584847
0.265118237245 13.3084746474
-0.208341974091 13.0367981909
-0.688791983072 12.7774830154
-1.1834711236 12.5378705138
-1.70902259495 12.3788905866
-2.25634690923 12.3306042043
-2.8062655886 12.3319904849
-3.35580338259 12.3542122939
-3.89225161167 12.4256995277
-4.38849030981 12.5709362907
-3.84619684901 12.5176265333
-3.31816016599 12.3658226551
-2.77257455815 12.297849493
-2.22864805471 12.2177830665
-1.68932121767 12.110104802
-1.15994156987 11.9944377182
-0.663721399265 11.7646961825
-0.28857147447 11.3763040445
0.0127910186528 10.9165676012
0.301169018145 10.448425559
0.702479224473 10.0908177558
1.22318692171 9.95707013515
1.77292093962 9.94089961572
2.32272002773 9.93620128653
2.87148076995 9.97115358168
3.4067318067 10.0545707441
3.90815645885 10.2367054446
4.4136049215 10.4320326201
4.93585437503 10.6044740645
5.46246806801 10.7262707078
6.01186849906 10.750717715
6.55734303205 10.7027533983
7.07139792271 10.5595159957
7.60874179042 10.4423593937
8.10489434515 10.3042609954
8.17083105094 9.791716704
