-0.322034710733 0.386757017008
-0.812308962854 0.625961107782
-1.27916476174 0.916693649049
-1.73575188663 1.22295992632
-2.1744933414 1.55462764563
-2.60386490801 1.88538276518
-3.02876387985 2.22174733936
-3.52462038782 2.43473407289
-3.05755324936 2.69051783216
-2.56014560868 2.90560881094
-2.04313528726 3.09314976241
-1.5378548962 3.29794116477
-1.12759766165 3.65212580975
-0.85414007383 4.11874720011
-0.591481425501 4.60157838027
-0.28686193042 5.04475512392
0.076704696291 5.40706688493
0.427079863491 5.0193969225
0.328034042748 4.47859567666
0.289801923886 3.93005867582
0.266898166916 3.38089193478
0.428921387825 2.8700144316
0.834637268302 2.50778388807
1.36015835943 2.35554073833
1.90812739737 2.30887543283
2.45381449364 2.24392223384
2.99368690268 2.13888553932
3.52527781391 2.03319408668
3.01092134171 2.13867361989
2.46100946017 2.14818434535
1.91317327622 2.19476253573
1.39083554766 2.30102335156
0.915797398166 2.57118469101
0.595242513163 3.00425966328
0.38744047621 3.50433597954
0.201221378405 4.01319465511
-0.0755409260563 4.47852121851
-0.308426870266 4.96790097985
-0.554358797019 5.45983807767
-0.813214154342 5.94492126661
-1.14800262158 6.35877655753
-1.59414663229 6.65996354413
-2.13397049678 6.73482925131
-1.80991090693 7.16686251402
-1.37748476787 7.50613785569
-0.961927794694 7.83375034368
-0.529702028658 8.16598010201
-0.101717260732 8.51140903726
0.321915033343 8.84946624603
0.734982446191 9.1941563874
1.1306397961 9.52846402834
0.750017881492 9.19729607083
0.242344986769 8.99727242556
-0.259697137556 8.78303363361
-0.775004948179 8.59098857362
-1.3120782939 8.47612210861
-1.8609279581 8.44447713664
-2.39872384997 8.49522334828
-2.86413078584 8.76333388116
-3.21359338563 9.15532915811
-3.53469448004 9.59691499514
-3.85259893896 10.0289570197
-4.1966183784 10.4516465565
-3.89817973211 10.8821750871
-3.46137323014 11.2162100081
-3.00297023113 11.5200218826
-2.54853810702 11.8291570171
-2.05518277968 12.0715543305
-1.5406093427 12.2654844309
-1.0610265372 12.497218325
-0.650537887461 12.8602016044
-0.347485539639 13.3089912911
-0.0765698264276 13.778397691
0.233515254412 13.3790839916
0.284993033986 12.8396231546
0.333864644366 12.2918972951
0.343633810374 11.7420295075
0.360959242704 11.1924596008
0.480646147086 10.6589388377
0.862743594471 10.2906223572
1.39678709382 10.172759494
1.946705645 10.1706383376
2.49668878018 10.1692329337
3.04605148916 10.1869697328
3.5826749176 10.2998755642
4.07304866995 10.5469649069
4.5433468621 10.8320844851
5.02786521421 11.0550759124
4.66631013141 10.6568310915
4.17627405273 10.4164654755
3.6996689821 10.1672376033
3.18818126575 9.96534401
2.66859515024 9.7850290264
2.15609418605 9.62441251977
1.63055079372 9.47944040577
1.10342281743 9.32290075551
0.636176222267 9.04207121086
0.38427640786 8.55940940072
0.304982713549 8.01595034091
0.308853783774 7.46947867404
0.49499220537 6.96976608446
0.764046549328 6.51074888192
1.20844883676 6.19923756427
1.73129396604 6.05827764093
2.23065043635 5.82859140249
2.70809566816 5.55625372355
3.17213498084 5.26103756489
3.7021102553 5.42558880274
4.2384475682 5.43624240033
4.56939830387 5.02035367611
4.98302682879 4.67880612522
5.52267232626 4.57293107781
6.05781342184 4.44595500941
6.58609810887 4.32487952913
7.11835441844 4.18658187004
7.6511697717 4.05031384068
7.34689109509 4.45251469424
6.83027241646 4.64119278322
6.31075103365 4.82123694479
5.79336978631 4.98231431838
5.27309350044 5.16043920598
4.73795445369 5.2862521446
4.21135856276 5.44298897552
3.68481248977 5.60168238846
3.17076177013 5.79613321831
2.6340435288 5.91604640972
2.09132231105 6.00208649681
1.54764093193 6.04844230196
1.04684820043 6.25254607056
0.711561257364 6.66304839593
0.518949806815 7.17509627618
0.47172807818 7.72221211273
0.496959420303 8.27110171182
0.691916753406 8.78085048113
1.10333122881 9.12620726038
1.60363497388 9.35410082947
2.11032664248 9.56802075784
2.61811352056 9.77909085583
3.14212560055 9.94557242209
3.66344251212 10.1193597784
4.14254660862 10.3883871376
4.5840493034 10.6887228653
5.0299077058 11.0107530463
5.47206705344 11.3377716637
5.92488027886 11.6498946189
6.38168383196 11.9562027014
6.83319158042 12.2702383229
7.28130779878 12.5890949709
7.70349088498 12.9410949569
8.09778446997 13.3244658598
8.49384637023 13.6501197953
