0.244365003828 0.447685353023
0.376372793668 0.977333249201
0.557321332691 1.49242841676
0.769625258063 1.98031368266
0.852516791724 2.47603666769
0.495963546516 2.87203656425
0.284416891953 3.32741994674
0.172810367151 3.86581137388
0.0554389517535 4.40309944444
0.0315355035404 4.91912178811
-0.194967678871 5.4192084862
-0.429333007544 5.90789513046
-0.706641471848 6.33105630215
-1.12218271601 6.65086493817
-1.65781582837 6.77562573742
-2.20306961929 6.83934157112
-2.74716341062 6.80374751391
-3.27661690398 6.70965527732
-3.66358723946 6.38255242903
-3.91182368106 5.89665527909
-4.18964027338 5.4359829867
-4.44874130261 4.95548532015
-4.7041544663 4.50961655801
-4.75132328543 5.00884689308
-4.66367134486 5.55170234253
-4.60249036474 6.09828020407
-4.52210439516 6.64235812948
-4.44421918274 7.18679411018
-4.35364255666 7.72927298728
-4.25941327329 8.26298485755
-4.15681659154 8.80331825605
-4.04514288133 9.34180634233
-3.92771714791 9.8790075151
-3.81377043488 10.417052507
-3.67475107635 10.9490813185
-3.510053734 11.4359362954
-3.023909975 11.6265600125
-2.53313282249 11.8369069463
-2.06298970258 12.0286643984
-1.55992080796 12.2183035705
-1.04700352969 12.4167762978
-0.557107346508 12.664953794
-0.114686429054 12.9912215807
0.351822641694 13.2797726705
0.802135793332 13.5859957889
1.27479303099 13.8254576309
1.81607431432 13.804920691
2.36575502696 13.7874133307
2.86571347609 13.7809674682
3.37654562343 13.8055920298
3.80930378286 13.5303506023
4.20984262523 13.160198817
4.65351562173 12.8353275882
5.06997295403 12.5468490866
5.57517479527 12.4797770669
6.11239526812 12.4089015703
6.58477354911 12.1445170773
6.83385480066 11.65881381
7.12369591896 11.2112422318
7.43151814204 10.7555546196
7.77999481076 10.3405420309
8.15021418322 9.99953883532
8.55338303559 9.63301648023
8.89461886713 9.26324469752
8.38126142031 9.25223798368
7.9721981012 9.6054948363
7.51574791543 9.91227782339
7.03733075444 10.1833573785
6.55064078049 10.4216047875
6.03889924402 10.5962569675
5.49299917941 10.6580494212
4.94674035654 10.6042310586
4.42371947737 10.4496384385
3.92037231897 10.2486542851
3.39688548598 10.0810535359
2.85644308579 9.97932661134
2.41365585661 9.74422950645
1.91531338692 9.56288149005
1.41092560329 9.34501241192
0.949305936664 9.04978437537
0.650999253172 8.59912317379
0.5894250826 8.0585261398
0.578122268333 7.55691938297
0.622307933047 7.04047216251
0.821047610739 6.57018871416
1.25893966136 6.26018082388
1.76999184375 6.20199988242
2.27093689527 6.16371994658
2.73852181738 5.98399863746
3.26813622624 5.87093557138
3.8026427458 5.74295477527
4.3052878816 5.57662209769
4.72295629838 5.30059827247
5.18058869221 4.99557635981
5.64010231255 4.69341868119
5.85724239031 4.23828733859
5.38656528695 4.00374380602
