-0.0235219902276 0.534589202619
-0.248496334022 1.02761370181
-0.466522778607 1.52381979802
-0.697007697685 2.02313891053
-0.953234923002 2.50970207521
-1.22644867912 2.9401451304
-1.02666201553 3.4045677764
-0.773953877435 3.89299137375
-0.491091995791 4.35528723279
-0.202093988009 4.82322781071
0.109589123424 5.26658184326
0.408301128826 5.71882586193
0.697606710418 6.12904306793
1.24282744971 6.14987915773
1.78109305603 6.03710947128
2.32679928813 5.96897042543
2.86694159642 5.86580739637
3.40455693188 5.75005545367
3.94124855907 5.63116876357
4.46449612313 5.49081035524
4.96471450766 5.38501009045
5.06111722857 4.86814303358
5.00420622345 4.32111790105
4.97152893946 3.77213923757
4.94620796754 3.22274647106
4.89632096186 2.6750845481
4.82066521604 2.13839575302
4.94136251905 2.63297458926
4.94611096026 3.18294039123
4.95917406161 3.73278235618
4.98096708796 4.28228780576
4.91424923481 4.81645981059
4.58927172029 5.25105745084
4.10740177033 5.49505552183
3.58693678338 5.67269091516
3.04510003438 5.76358979996
2.50349650264 5.85829841123
1.97574390589 5.98092345482
1.45962681202 6.14445084895
0.979900596643 6.41118359047
0.649151225338 6.83253190312
0.548650703501 7.36919092115
0.687755822593 7.8998862825
0.849255136505 8.41720768113
0.994072484642 8.9474416514
0.474670597322 8.82010387367
-0.0662042547244 8.72044249832
-0.600905565587 8.59185904515
-1.13786085408 8.52348724666
-1.68646110273 8.48435461575
-2.2347204878 8.44197500351
-2.78352982066 8.46223929291
-3.32342376565 8.56683994558
-3.83793747542 8.73541414133
-3.86743384223 9.27076305831
-3.69945187921 9.79435468186
-3.49327025218 10.2955495587
-3.29402853198 10.8081151842
-3.07098330236 11.3008317125
-2.70406378211 11.6855488381
-2.22327921668 11.93262836
-1.7176160407 12.1489673499
-1.22616978029 12.3772556486
-0.784475191081 12.6890133122
-0.416562489022 13.0970032937
-0.108155521138 13.4991083575
0.423166754211 13.6015930063
0.972997114295 13.5881232659
1.52253229757 13.592644769
2.06582015694 13.6771266515
2.58572480642 13.7762108794
3.09253056191 13.6224720848
3.55358451387 13.3226092697
4.00181317912 13.0181387753
4.44325531045 12.6901249695
4.89257984926 12.3800593475
5.34943781749 12.1345211811
5.7983419197 11.8245868862
6.24855323427 11.5159447591
6.68889153293 11.2168345862
7.14431623972 10.9085316353
