0.00757003737091 0.530976647054
-0.0842679978747 1.06449939002
-0.152047915428 1.61027482583
-0.236821121519 2.15368930743
-0.318672916788 2.69749722336
-0.430260327066 3.23600784929
-0.554088387643 3.77186416557
-0.707143784029 4.2586310051
-0.327266936666 3.89658162237
-0.0481381301924 3.43223482781
0.263762302261 2.97925731633
0.605036474832 2.58532812104
1.08699113069 2.32892071312
1.630694601 2.25960201451
2.18062971636 2.2676317734
2.73061649665 2.27103027826
3.23061462769 2.27239737405
3.73061275874 2.27376446984
4.23681462531 2.27146454962
3.77489057017 2.07674557275
3.22762838386 2.13097081852
2.6826425579 2.20412160932
2.14756312722 2.2904192197
1.62256918713 2.4211734411
1.17356040332 2.71581135532
0.66623236455 2.83357346265
0.616802058797 3.34617763883
0.512209568803 3.88072074081
0.347503248056 4.40510265473
0.0288246147052 4.84179496319
-0.213429085666 5.32643498433
-0.4637147736 5.8160177914
-0.73819512017 6.29259960468
-1.04790686225 6.74620314289
-1.43047229364 7.14118646075
-1.79190221029 7.53198456035
-2.14249818815 7.95561784402
-1.84010717083 7.49855687258
-1.59520824214 7.01516931542
-1.33644303198 6.53905971628
-1.12590964214 6.03998882535
-0.956886999157 5.51677802899
-0.823642992083 4.98320218802
-0.68876423153 4.45003067101
-0.530225020498 3.94013649346
-0.335775108873 3.425815898
-0.116377142109 2.93475578027
0.193758778384 2.49869785932
0.672243273886 2.23919123049
1.21641086233 2.23357529054
1.75490088159 2.3445834509
2.30344874547 2.37940116885
2.85307995295 2.37258723422
3.40192113434 2.3857466641
3.94565615701 2.46797385993
4.46650914347 2.64027637827
4.94331256518 2.91330462268
5.41878551891 3.18969189843
5.89057054524 3.472335804
6.35798005789 3.76217428122
6.85453419444 3.9863701637
7.34803125751 4.20059671752
7.83166934182 4.46165718316
7.51980006788 4.87746321704
6.97806173805 4.96777362255
6.43985062806 5.0296638465
5.89610012522 5.11215249992
5.35971496443 5.189893725
4.83178791198 5.34242310697
4.30695242779 5.50686984127
3.77893991203 5.66073088933
3.24488085535 5.78986302802
2.70395890347 5.8805818649
2.17406561678 6.02470818436
1.62806201433 6.09060033057
1.10519519437 6.22750574171
0.624806290731 6.49282614905
0.169068352775 6.78571489432
-0.331514873661 7.0132973598
-0.814524290313 7.27585095566
-1.27933958749 7.56981641902
-1.74931778405 7.8554652886
-2.1917260521 8.18021789078
-2.59731652643 8.55155876392
-2.93872932469 8.97053131662
-3.16077218916 9.45529846502
-3.33862034653 9.96719058799
-3.52463232294 10.4847109116
-3.72768270218 10.9958114765
-3.95470976896 11.4879016018
-4.24635730401 11.9174197246
-4.23660501258 11.4099333587
-4.26633803351 10.8687621041
-4.30484469267 10.3201313762
-4.32811355833 9.7706364779
-4.35832204321 9.2214671618
-4.38348308318 8.6720703349
-4.41400615961 8.12293148882
-4.43327772989 7.57329385619
-4.43897502429 7.02332521885
-4.44214610397 6.47333530739
-4.44254088703 5.97333546324
-4.43750187388 5.42338959292
-4.45277224033 4.87374123333
-4.50118292861 4.36999103299
-4.2384735571 4.81409900112
-4.0726870103 5.33836533424
-3.91805628006 5.8661007304
-3.72663737665 6.3723399788
-3.41190881975 6.7983746395
-2.97602984092 7.11771974395
-2.50536786961 7.38643443222
-2.03927826445 7.67841679283
-1.58112467906 7.9679001981
-1.20878530476 8.36488351995
-0.854011311825 8.7841516454
-0.485129106225 9.19192367558
-0.221494736284 9.66245465696
-0.114710746508 10.2007791579
-0.0446502353057 10.7301409703
0.0211144060223 11.2761786327
0.106790177278 11.8194417764
0.197360908628 12.3538165178
0.313855838342 12.8912715316
0.437541300806 13.3914918846
0.543430619454 12.8875310647
0.431850496368 12.3572418039
0.373014657938 11.8106062699
0.353296773963 11.2610146756
0.405506053283 10.7233294088
0.68328335184 10.2579135763
1.17119732212 10.0161000029
1.70473194926 9.92160847714
2.23808513108 9.78745179974
2.7737199683 9.66273783636
3.30300825074 9.51346653109
3.83805123632 9.38651352254
4.3386789257 9.22862743376
4.5277985892 9.70526966803
4.51783557129 10.2550969041
4.53541611911 10.804794338
4.5074068144 11.3372573638
4.28287061431 11.8372085427
3.99792531458 12.3071322739
4.47794267335 12.0896499045
4.90362376988 11.7542066155
5.33635559476 11.4278725543
5.77320769356 11.1070742487
6.21912857218 10.7851225319
6.658545274 10.4543654911
7.08169257215 10.1419223445
7.58342863846 10.1795123647
7.90167961135 10.6270660017
8.21192987507 11.0596826962
8.53782605198 11.4927313187
8.88280268106 11.8826697851
