0.262561361581 0.47749927042
0.390591246529 1.0119897619
0.575788290642 1.52983611317
0.791706447944 2.01472224955
0.495273229597 2.47369100186
0.325266420205 2.97035567315
0.166543671055 3.48420919873
-0.0248398552572 3.99972455842
-0.234289128572 4.50826432842
-0.449566434536 5.01437082058
-0.019135984737 5.33270018548
0.529909416057 5.34167770835
1.02055079113 5.47828782665
1.51021052225 5.65022910317
2.0041533894 5.8632876171
2.53102692035 6.00438391567
2.99705071954 6.21213713998
3.36004222773 5.84922825556
3.83293319092 5.58527844862
4.29945850643 5.30563502772
4.70564895197 4.9943003421
5.14180947006 4.71913113321
5.12993115364 4.17673820044
5.44366262854 3.75877406531
5.96536509541 3.58498686223
6.49510784265 3.4375706051
7.03665174699 3.34632782407
7.56392103499 3.23488170947
8.07865909492 3.041343928
7.70022043267 3.42834918252
7.22762723038 3.69293494036
6.7397918122 3.94649379358
6.26294243308 4.22055306978
5.78511785246 4.49286611935
5.32765363148 4.77593678921
4.85992028649 5.06527110996
4.37912632234 5.32941165578
3.84138347558 5.44134969209
3.31605009858 5.56699362578
2.84665617114 5.80016036405
2.32419096353 5.96797569943
1.78257144706 6.06339772419
1.27124856047 6.21479963197
0.869101723303 6.55938717966
0.580542586926 7.01724743859
0.549362886488 7.53313730151
0.618549010439 8.0718934828
0.696034115429 8.58832566611
0.865483779877 9.08051231558
1.10119101586 9.57626274292
1.51219197069 9.86337294816
2.02987290063 9.98430352974
2.57937469932 9.9625319632
3.12650853191 10.0081942707
3.6287003128 10.1836677231
4.06754443775 10.5126955004
4.46567805021 10.8921293142
4.92077199306 11.1720757358
5.40126029825 11.4391539445
5.87079554922 11.7091930225
6.32458831201 11.9761598745
6.77719104242 12.2724184521
7.22577608915 12.5905739597
7.67584457113 12.9066844484
7.15397519551 13.0750627126
6.61913395894 13.1600227769
6.0695124605 13.1609669453
5.51954267544 13.1594390533
4.96955850555 13.1636119275
4.4195646197 13.1638900995
3.88334412897 13.2047087929
3.34356363712 13.307334027
2.80661312614 13.4249524594
2.27086352046 13.5065773119
1.7675008848 13.3410692782
1.24994556395 13.4261884244
0.7339577517 13.4188757434
0.254477651895 13.1518922723
-0.216012524137 12.8671389783
-0.698988893769 12.6044579359
-1.20307915298 12.4205848445
-1.73597189593 12.3242455872
-2.14174531987 11.9595085455
-2.6601032396 11.7804229889
-3.15867109984 11.5506494145
-3.6149225059 11.2857490055
-3.94746096383 10.9071371369
-4.0624134 10.3947611348
-4.13241726472 9.85667599226
-4.20941920967 9.31346442281
-4.27801700648 8.76777940559
-4.36422540605 8.22460044671
-4.44668673254 7.68085668916
-4.55227912506 7.14109396542
-4.66958362651 6.64970990872
-4.47193621944 6.17603703529
-4.36299945998 5.63705031206
-4.20899652321 5.10910988379
-4.01185659901 4.6004801221
-3.78172100054 4.15067170417
-3.96796853961 3.63487475793
-4.16778641783 3.12291641814
-4.35079910253 2.60852654849
-4.54644426624 2.09879633606
-4.78599302289 1.61283112052
