0.512564791725 0.168984455927
0.964758010624 0.467474822717
1.4470547538 0.731734066386
1.93983463117 0.975587452554
2.42799285769 1.22854103985
2.87470775243 1.54661157705
3.25827696316 1.88252993225
2.86450766328 2.22339536026
2.31476507735 2.23737264058
1.76538710159 2.26338771246
1.22041000402 2.33244435688
0.728130045149 2.52983393516
0.406911557449 2.96394838443
0.302383930604 3.50303787969
0.232392329747 4.04851898265
0.119662513538 4.58673152458
-0.0694472580942 5.09096320078
-0.361790041693 4.66710903349
-0.677413053474 4.21679081055
-0.989085795502 3.78355499291
-1.37853807408 3.39611129412
-1.8262456436 3.09418132784
-2.34422903782 2.91009089433
-2.87604095644 2.78173141595
-3.41953532648 2.70166474418
-2.91081816927 2.89414659538
-2.37990287084 3.03493643238
-1.83747242952 3.12518661539
-1.3479780048 3.33676875528
-1.03787477349 3.77824890482
-0.894728464635 4.29212194994
-0.774050997406 4.82866331181
-0.665425980001 5.36773358325
-0.524705096501 5.89939670833
-0.374177924457 6.41168256077
-0.2288276534 6.93377227015
-0.069373957589 7.44335969691
0.0956021499206 7.96797421919
0.278239612493 8.48666596223
0.494148358463 8.99248519762
0.715848534642 9.49138074683
0.33996384946 9.12240452143
-0.138117269353 8.85052022569
-0.617170112674 8.58038387235
-1.11814713385 8.35581408778
-1.65840334695 8.25790829608
-2.20584433699 8.26122128759
-2.72040371163 8.45348345227
-3.21857201613 8.68582912025
-3.67149802635 8.94513480415
-3.15204350408 8.84673053462
-2.65497891434 8.61254332881
-2.11669175888 8.5091696024
-1.57496375751 8.50867918937
-1.02709259546 8.55276012495
-0.49594939292 8.6580641376
0.0270176144005 8.80010941398
0.527508875838 9.01732707322
1.01179220709 9.2510238073
1.5348574954 9.41954329366
2.06062335211 9.5781027279
2.56907124896 9.76342868218
3.08498285565 9.92863249142
3.58850147189 10.1492263329
4.05356233123 10.4416068027
4.4701335501 10.7677558041
4.13577092518 10.3872003187
3.65725010782 10.1783447709
3.12421417012 10.046035465
2.57780782508 9.98490688848
2.02833117808 9.96291894444
1.47902225157 9.97620459929
0.992533145386 10.2012270637
0.634826725761 10.6062658975
0.35095903132 11.0677760201
0.0612574437119 11.5348293566
-0.361960679269 11.8779027415
-0.878594028045 12.0636475201
-1.40242164055 12.1992121275
-1.94311351486 12.2112815905
-2.49224618683 12.1805058214
-3.03753221974 12.1816160472
-3.55138524913 12.3271460063
-3.98769469744 12.6438817597
-4.30310036507 13.0728415481
-3.95097044146 12.6908548388
-3.49523291003 12.3934105119
-2.95485405058 12.2954612996
-2.4131892115 12.2003671547
-1.86763829924 12.1309760366
-1.33304124953 12.0424913311
-0.817220746351 11.879079423
-0.37040553564 11.5637417369
-0.0356592810851 11.138877831
0.251484717013 10.6839253617
0.611308334067 10.2761127045
1.09652524193 10.0252774358
1.6391362868 9.94164961213
2.1805291635 9.94425744733
2.72930744159 9.98032939223
3.27694140992 10.0299299684
3.82251543576 10.0986778907
4.35687804633 10.2265154103
4.87366703788 10.3881971657
5.39986042531 10.517360263
5.93498385149 10.5482924815
6.4419498856 10.3410909512
6.89983392563 10.0514683202
7.34303604554 9.73952502075
7.72960070582 9.38371235225
7.54651655365 9.85606789459
7.1323934523 10.2179884667
6.72833463268 10.5646284152
6.2899036929 10.8966707599
5.86361131724 11.2440719636
5.44112330723 11.5961117017
5.00513105265 11.9313243856
4.58683543942 12.2759575714
4.17322158433 12.6382706219
3.77616993796 12.994740552
3.28871905335 13.2227427119
2.76350534156 13.2968023228
2.26852867834 13.4146482885
1.72502503509 13.4898389035
1.17756856617 13.4489538947
0.697038411694 13.2140855577
0.429109763353 12.741121459
0.304272559708 12.206409961
0.263429223913 11.6581391654
0.253471053164 11.1082334958
0.263723322096 10.559005396
0.277960468869 10.0102780957
0.27209936216 9.46844492535
0.28120850122 8.91857163836
0.315349434744 8.36964136348
0.338032734803 7.82010978276
0.370176211901 7.27107791228
0.389176127669 6.72148787792
0.324411793548 6.18380448522
0.314261588466 5.63396762539
0.295062011149 5.08435327411
0.254528508645 4.53589252498
0.23364835656 3.98639130294
0.443988656518 4.48967763135
0.626205377264 4.99482424719
1.03703044613 5.33721539454
1.57301686683 5.44855510327
2.1227534277 5.4585099617
2.67185408466 5.48986695151
3.22135786772 5.51312885129
3.77117767086 5.51755440917
4.30928994862 5.45592531889
4.85579927018 5.3995583935
5.39636474225 5.43662965131
5.93976339849 5.48749772736
6.44365375458 5.50683632204
6.86578367692 5.16908810292
7.28676796583 4.82795539744
7.72879672927 4.50068990069
8.14450496024 4.21143754514
