-0.291508178882 0.416636957093
-0.777650162208 0.67367369925
-1.24622446986 0.961572638944
-1.70796158411 1.2453574862
-2.18037067584 1.52652525287
-2.6257461885 1.8490914017
-3.03695848133 2.17140340035
-2.65167886222 2.5074601055
-2.19137471753 2.79355224039
-1.71927523222 3.07564408211
-1.2978913967 3.40172146998
-0.968486758766 3.84024226111
-0.744698007519 4.34169424181
-0.539098463569 4.84301684805
-0.306739717039 5.34146166476
0.0711730031108 4.97872899134
0.192013645644 4.45040013421
0.273462893604 3.90708278089
0.309478945772 3.35836361206
0.477437328634 2.84738110115
0.871400165097 2.48591224132
1.40125114464 2.35111850399
1.95073644294 2.3320829139
2.5006453053 2.32219437441
3.05052793347 2.31083236606
3.60041056165 2.29947035771
3.10577007131 2.38437169604
3.59523437301 2.51368848189
4.14229292322 2.54794400159
4.62003199646 2.79114171947
4.90763939334 3.24519383434
5.29193951356 3.62731609722
5.60166792595 4.06865694507
5.46017191217 4.55513841663
5.01068799884 4.79459529215
4.56855139404 5.07510229553
4.13217217348 5.40642068054
3.61935586797 5.54917478436
3.10868200595 5.75151995025
2.56453345486 5.82084141561
2.02027248325 5.89690079567
1.49144931983 6.04309862049
1.03421168396 6.32968566791
0.743852746524 6.78873217962
0.578889720425 7.31330275753
0.489504506666 7.8553398843
0.506825836049 8.38732617958
0.678308376354 8.90842743201
0.942515101401 9.39039396498
0.481137827281 9.13193413578
-0.00728276205234 8.87928030505
-0.50245204529 8.64019818954
-1.02332604405 8.466317475
-1.5687288166 8.40251767103
-2.11835984244 8.41141387981
-2.65453042901 8.52670175336
-3.12481342612 8.77567522366
-3.54438199827 9.1304641538
-3.60812211789 9.64082969688
-3.44781185996 10.166671071
-3.30736839136 10.6984278814
-3.09217411536 11.2017574683
-2.71988540571 11.604063816
-2.2701879026 11.9199003165
-1.80033690877 12.169230065
-1.29341128788 12.3606003537
-0.78814621801 12.5769909835
-0.308502547222 12.8455825255
0.147909081679 13.1523766875
0.585351280839 13.4585759763
1.0727245893 13.6055985796
1.62220894336 13.5826746525
2.17217102252 13.5763742659
2.72215564092 13.5723895486
3.27039755076 13.6104508556
3.80810124043 13.6781737243
4.29536400036 13.5321137181
4.58122622017 13.0720279458
4.91273703984 12.6484626819
5.25035512601 12.2469163846
5.70068184166 12.0017108162
6.16436542535 11.70600761
6.62140008356 11.4146912623
7.08807858827 11.1236944745
7.56268733401 10.8458600209
7.98088306825 10.5493825317
8.1939330124 10.0518882624
8.40099478344 9.55991003962
