0.510236046484 0.174063628359
0.961246446847 0.459870637838
1.4420022173 0.72700654006
1.91365319194 0.994042883654
2.38429377184 1.23544585452
2.86840507747 1.48479559524
3.32546033387 1.79072449671
2.80192030118 1.8966735106
2.29025468526 2.0984084605
1.76458279881 2.25813224571
1.23282249128 2.36227351921
0.730715319804 2.57817769682
0.397129681166 2.99730723784
0.237816192738 3.52280493137
0.114674484655 4.0506106162
-0.0340867626775 4.58008495781
-0.44898337403 4.23850480098
-0.839568791981 3.86275767885
-1.27480284978 3.52945164806
-1.79281734693 3.38704151957
-2.33901170413 3.32631205339
-2.8714673913 3.2253270652
-3.39351610773 3.08039313068
-3.86588192378 2.87253596065
-3.38508636946 2.68007595816
-3.08619800343 3.09854967944
-3.45857921952 3.50017084016
-3.7454414863 3.95617539611
-3.86070837329 4.49118375027
-3.87976121651 5.04080486974
-3.88105023851 5.5903152287
-3.75635299473 6.11572544708
-3.51257568836 6.60846948617
-3.13199952377 6.99647491378
-2.69498390532 7.31342717693
-2.32674767657 7.71595966824
-1.82891798473 7.94884773981
-1.35175666523 8.22232878057
-0.859428017239 8.4670474746
-0.374287382213 8.70814987271
0.0761651576745 9.02285615924
0.484754030737 9.37276135689
0.122191807424 8.99847200042
-0.371860137409 8.77567168086
-0.88725328075 8.58474113563
-1.41955238388 8.48677138558
-1.96907323674 8.47347501505
-2.50691306977 8.53056568282
-2.98578033521 8.78281641344
-3.34503795502 9.19250971753
-3.65504363003 9.64672333485
-3.95689336265 10.1064826263
-4.26486891311 10.5621473989
-4.55357596773 10.9978063896
-4.06449087613 11.2438327094
-3.54496649695 11.4243230971
-3.01940768145 11.5864106506
-2.48956061708 11.7326538674
-1.94212998795 11.7748637909
-1.3922942194 11.7762387565
-0.851895075191 11.8029916065
-0.3603803741 11.5931364769
-0.000452180309826 11.180098638
0.281015739447 10.7170486283
0.648056345307 10.3465771264
1.16089943932 10.1573863655
1.70780365899 10.1028945665
2.25767113157 10.093325765
2.80690827191 10.1194237302
3.34723973614 10.1542684667
3.8593779264 10.3468198159
4.2813637599 10.6855292093
3.93907763208 10.2866017542
3.92250557663 10.7930801292
3.9720784406 11.3382323839
3.8811184009 11.8802005083
3.8139503382 12.4175589916
3.64166674729 12.9333554001
3.24154784925 13.2934567766
2.7688035773 13.5582245176
2.2766193536 13.7843758066
2.77891153271 13.6073455827
3.26302840673 13.346346067
3.72987089882 13.0562045595
4.14555319777 12.7024719752
4.54483909424 12.3302312727
4.94188919636 11.9497279641
5.34881921549 11.5797281084
5.75143644414 11.2168995459
6.14763907203 10.8471629632
6.56761967657 10.5046380467
6.9987581844 10.1632309159
7.36320291676 9.75422508384
7.75014843337 10.0995164766
7.85214146148 10.631685504
7.9670276483 11.1695469724
8.11579942959 11.6988994397
8.27228923422 12.2261493
8.44656448178 12.7351120638
8.63997598703 13.2371107646
8.15150139407 13.0461658283
7.69284060449 12.7574770844
7.23524093988 12.4672083764
6.7589878867 12.1922098761
6.29418276481 11.8981813676
5.82943900192 11.6040671481
5.35935976157 11.3186579864
4.90302620115 11.0264212189
4.44347152977 10.7242555777
3.97683389226 10.4331780349
3.50226129793 10.1715339679
3.00552163004 9.94519409171
2.50619662119 9.74514225259
1.99709827413 9.55918262784
1.48633051936 9.37788461753
0.98879472445 9.16432053961
0.589682537385 8.79529198871
0.485710750309 8.26074622393
0.456919147012 7.71958690674
0.411887197364 7.17149520166
0.390700530923 6.62192334005
0.362783873049 6.0726503212
0.312869721975 5.5254932323
0.210137392371 4.99333833566
0.114096391157 4.45193429909
0.0686546114908 3.90398924777
0.105769454363 3.38617256484
0.450796622113 2.98897641431
0.937089863863 2.75335018353
1.47516166199 2.64548908448
2.02460742157 2.63278959045
2.56791115064 2.71400197781
3.1062931556 2.82638688897
3.64284918193 2.83749211098
4.71010985708 2.79074372527
5.21790752636 2.7050709708
5.4679607995 3.18110807356
5.62749141034 3.66376254041
6.060287778 3.98946682222
6.46898043018 4.35742870373
6.85817355058 4.73462727328
7.20936714339 5.09404389755
7.39992493238 5.56987637904
