-0.276905601632 0.44567066575
-0.760410689444 0.668124825148
-1.23624378347 0.943856152478
-1.7111014047 1.22131505867
-2.16921756995 1.52539522588
-2.62756076375 1.82784230273
-3.01726667157 2.15715445615
-2.58132364844 2.48806946978
-2.12136603571 2.77477634852
-1.65889232792 3.07235291898
-1.21911420472 3.40246606537
-0.807427167188 3.75386214523
-0.446156466134 4.15771641017
-0.084858179798 4.57236941174
0.256341571828 4.94962054789
0.410876335242 4.45832749902
0.322758131993 3.91566920057
0.329204695487 3.36821750181
0.601496432323 2.90178403961
1.08844793074 2.65812134934
1.62585358833 2.59580607254
2.17575257598 2.58606873167
2.71710521176 2.50606582448
3.24976829187 2.37035224441
3.75893854129 2.30211817871
3.30850441217 2.06163897536
2.76604562563 2.14848829923
2.21721639494 2.18371651042
1.66995014001 2.23750708603
1.14799951106 2.37876754395
0.703020338751 2.69338507587
0.327438521047 3.0749307076
-0.171876725242 3.27896240748
-0.477360805265 3.7099657576
-0.680972150011 4.21219982754
-0.979861695919 4.66096273731
-1.29160553958 5.11393791708
-1.26080193671 5.6869602091
-0.688215653099 6.26734359822
-1.01277207534 6.68515311701
-1.54296501483 6.82839198162
-2.08505101784 6.92032607068
-2.58229762706 7.10859865117
-3.03295624601 7.35520922618
-2.55111775971 7.58634744886
-2.07362032357 7.85925237093
-1.59102891114 8.12306647842
-1.11869029104 8.38885325514
-0.6476982997 8.67072232347
-0.286481366684 9.08153113131
-0.0586855550191 9.58134850039
0.120725738386 10.0927665233
0.305211443904 10.602332995
0.283354909785 10.1025332586
0.0651862369435 9.60640128118
-0.195081705101 9.12245710329
-0.546139839273 8.70137463329
-0.992012863335 8.38052509639
-1.45931159794 8.09050934799
-1.92961133901 7.80544443803
-2.3901823417 7.50486337028
-2.84961249595 7.20251294721
-3.26122361943 6.91445468995
-3.63179870207 6.53836644652
-3.82708996584 6.03098100514
-3.7329251099 5.5188713799
-3.80054388662 6.05269775989
-3.8089654372 6.60164789539
-3.7687070887 7.15017044082
-3.72477542696 7.6984101858
-3.67214170427 8.24587344331
-3.61259632266 8.79263480577
-3.55609318488 9.33965450338
-3.47182612972 9.88309488319
-3.36650420463 10.4229046592
-3.24316017758 10.9504925191
-2.99987135316 11.4275873138
-2.57432575905 11.7563616118
-2.07456172308 11.8204148668
-1.52504182432 11.8008030212
-0.975652619408 11.820857702
-0.470062201945 11.6686473609
-0.0724623124751 11.2925347388
0.234047917068 10.8363151357
0.568665414644 10.4019680933
1.03666787581 10.1208199586
1.57788823758 10.0309028233
2.12762229368 10.0167613206
2.6772587935 10.0302933548
3.22414072142 10.0871844377
3.73886075375 10.2736106272
4.1622116896 10.5638250155
3.81293837283 10.1612778941
3.70203572016 10.6748181972
3.88961017706 11.1912972545
3.96341911527 11.7355904928
3.95852678295 12.285222852
3.7704664063 12.7954461058
3.36667663413 13.1570029401
2.89979469876 13.4400534843
3.38538600296 13.1845365871
3.84958348928 12.9048826751
4.28076116787 12.5643854946
4.67919271068 12.1910817533
5.07717515233 11.8173102475
5.48225319569 11.4452986149
5.88913222287 11.0872347967
6.31187678564 10.7356997585
6.76235705222 10.4201754916
7.19155652481 10.0896423489
7.59015400935 9.7111569455
8.01942223386 9.37198513597
8.44163260001 9.08187293183
8.14614443983 9.50800280124
7.6701426344 9.76715188333
7.19766134943 10.0326937514
6.723291949 10.277723819
6.21111067619 10.4760744154
5.66758884737 10.5419987989
5.13909197405 10.4306659692
4.643183199 10.2123865236
4.14362410643 10.0031581975
3.62883659166 9.83381233071
3.1069425079 9.66080629944
2.5855771332 9.51272847967
2.05593209208 9.3645335868
1.54224576566 9.19227943222
1.02365512046 9.01129939318
0.631932850579 8.63804090645
0.474277425668 8.11423226003
0.437277957906 7.56567933568
0.474077904252 7.01862188732
0.669971469245 6.51604775916
1.09667236976 6.18398539459
1.62744150234 6.04554269578
2.16934913718 5.95187232621
2.70411211609 5.82389723062
3.23200673363 5.70130362199
3.76846695647 5.58017328339
4.28985368934 5.40680210361
4.78223097445 5.18031289663
5.27929750932 4.98766980753
5.81795926776 4.93450259827
6.34154128453 4.87043638617
6.85262477419 4.77864330446
7.34378459993 4.60304517439
7.77256207362 4.31472715062
8.09058374487 3.88818186253
8.42028102443 3.45813083284
