0.511648022716 0.171045977902
0.970441935301 0.474213163577
1.45383086897 0.736310474067
1.92558833001 1.00304435627
2.3961937401 1.28765493351
2.85799793662 1.58637624887
3.27500723593 1.87113498013
2.75534712348 1.82205243394
2.26011447764 2.02115436667
1.73993203223 2.17321811654
1.20852013156 2.31466034612
0.735626425877 2.55544065127
0.43122464379 3.00616473069
0.312543929388 3.54212955364
0.21751264929 4.08370608659
0.0851189477376 4.61749972629
-0.327092608387 4.25600301364
-0.745951090979 3.90044817435
-1.13945097289 3.52197001129
-1.57352867852 3.19221621623
-2.057764495 2.93174019068
-2.55826132619 2.70372289719
-3.06471161099 2.51143533747
-3.59062541702 2.35050139872
-4.09249166609 2.18836299088
-4.07664417189 2.70072582716
-4.02273773406 3.23970640317
-3.93892306414 3.78324596807
-3.89662516979 4.33137240834
-3.89374051923 4.88133659888
-3.89075057975 5.43130210049
-3.82106476847 5.97560836833
-3.59183415865 6.47322335451
-3.33088367327 6.94816608905
-2.92890387936 7.29820933548
-2.46846526669 7.59805508779
-1.99437743422 7.87616387003
-1.52278686135 8.12660969023
-1.03388890946 8.37852514622
-0.57137244151 8.66049339913
-0.146430952504 9.00859199349
0.236666690168 9.40319617896
0.585807797151 9.77240439244
0.337594581911 9.32923108619
-0.116606189484 9.01924956747
-0.563992977976 8.72890620419
-1.07017207571 8.53882136699
-1.61101462042 8.43953582543
-2.1585563114 8.39621980748
-2.69224101873 8.51007844228
-3.05953938 8.89472083584
-3.18010701612 9.42930036649
-3.23588947192 9.97645361991
-3.2813358428 10.5245596527
-3.27821656084 11.0735166133
-3.18865143524 11.6161196973
-2.79275610106 11.9641585614
-2.24311072862 11.9454328114
-1.69349973723 11.9283933956
-1.15021901084 11.8764025771
-0.640948795637 11.6898982303
-0.227805412782 11.3303246295
0.0954185818516 10.8858889046
0.413003668243 10.4375765579
0.850561956974 10.125364006
1.38695489435 10.0156997805
1.93656879732 9.99665941944
2.48642546256 9.98487758267
3.03483838881 10.0176661144
3.55284775701 10.1694327976
4.01566700233 10.449624569
4.42861627001 10.7727413442
4.63017094238 11.2325585849
4.41452450446 11.733304544
4.19702121063 12.234102152
3.95655625971 12.7149887511
3.6336581745 13.1591736533
3.25602575919 13.5478373132
3.67733326832 13.2162838327
4.07266931569 12.8343119373
4.46819054298 12.4637758597
4.87742747777 12.0963266136
5.29154906087 11.7468611915
5.71791671637 11.4124709406
6.12195345962 11.0635250981
6.53799234109 10.7162213898
6.96907951164 10.374676219
7.39866012193 10.0441972276
7.82123650145 9.70491516368
8.24399416615 9.35318553051
8.67218625961 9.04157621597
8.39452336715 9.45975210634
7.91288002413 9.708111371
7.42406295562 9.96013138031
6.94293746484 10.2093057954
6.43738150518 10.4257439031
5.91072397406 10.5802023334
5.36347846845 10.587279501
4.82810520197 10.4633648823
4.31807263572 10.2801576486
3.81540177533 10.0777358094
3.29573628701 9.8988298157
2.76905735282 9.74043333561
2.24465887588 9.5746995016
1.75051383045 9.33398642142
1.29007863942 9.0349861535
0.987594955312 8.58444854752
0.763276344012 8.08339694928
0.628746716907 7.56025582579
0.572651232064 7.01326593683
0.463413481758 6.47436545762
0.38766178258 5.92963568615
0.312551754337 5.39287539534
0.269449247959 4.84467046856
0.253876484681 4.29494152274
0.274357784619 3.77441559159
0.35703313153 3.23633773398
0.737232144169 2.86326750488
1.2620918508 2.7077031663
1.80959749931 2.65733713459
2.35326606132 2.57668332196
2.89623691358 2.4893278487
3.44353834553 2.44307278526
3.99173959219 2.48433280134
4.52003047648 2.60186437932
5.02607850311 2.81633662895
5.51719396962 3.06389034082
6.00920551159 3.3096560798
6.49784075217 3.56208907385
6.94344657514 3.84093484391
7.36691397232 4.14900938166
7.66629503166 4.5901011513
7.95083189477 5.06069065844
