0.0305549211196 0.52205018945
-0.211337276377 1.00700538447
-0.43594098818 1.50026715483
-0.668411620455 1.99866737856
-0.938837428307 2.46815234141
-1.21881736602 2.89054058181
-0.928578168226 3.34018571327
-0.582403295858 3.76753795729
-0.234471583806 4.17252085873
0.124551093912 4.5891487049
0.492810653878 4.99763136453
0.885316294288 5.37072176509
1.31817054845 5.70993111901
1.18955685314 6.21181314864
0.661584389131 6.28429854778
0.177328356144 6.50723106382
-0.327728597691 6.7243993702
-0.837993629652 6.92960557473
-1.35431904058 7.11695373806
-1.89349739695 7.22427976929
-2.40513402483 7.35653276898
-2.06607005366 7.74340139013
-1.56700066129 7.97448680411
-1.06281599282 8.19425389972
-0.567166601477 8.41346960127
-0.0602177343144 8.62674844644
0.437322302676 8.86095298166
0.92386588287 9.08016752041
1.43104555114 9.29251567199
1.92399814947 9.49758224979
1.65954491367 9.95021195656
1.12442661068 10.0575757337
0.694760063883 10.3504553655
0.467729275553 10.8463116904
0.4263752347 11.3938693254
0.41337049249 11.9436907691
0.384168735161 12.4928857489
0.340577846051 13.0411369105
0.317715599975 12.5031418314
0.316893374887 11.9531446822
0.310071358649 11.4031901761
0.320401665964 10.853488041
0.484130741559 10.3434198433
0.925945125103 10.0310837304
1.45811929817 9.9378538599
2.00751279903 9.9135256273
2.55691779501 9.893514327
3.10355402239 9.94701245073
3.59551276031 10.1639473854
3.99897555464 10.5254507005
4.35190977951 10.9360594084
4.66898716913 11.385430557
4.98185948567 11.7913920786
4.53514139828 12.0632558932
4.19143111728 12.492535097
3.81718396787 12.8952291648
3.36314690135 13.2027944479
2.87520487886 13.4366092769
2.33773764922 13.5471981399
1.78905913211 13.5622880566
1.26017179447 13.4895737527
0.73707977005 13.3237398778
0.249057440837 13.0703947173
-0.249618688843 12.8384477802
-0.741289319295 12.5921174538
-1.26375993864 12.4235411402
-1.81128712875 12.3801024316
-2.36119924143 12.3758123473
-2.91107810307 12.3841521851
-3.46060573797 12.4013254421
-3.99396592927 12.4954474857
-4.21446191887 11.9987224024
-4.21994807169 11.4489903786
-4.22949729132 10.8990795406
-4.2137464588 10.3493508909
-4.18581992952 9.80809781136
-4.18006656211 9.25818532234
-4.17368131077 8.70825381784
-4.17855861009 8.15828573875
-4.17322575346 7.60832476936
-4.1500115864 7.05896066995
-4.11218360999 6.51028373864
-4.02463175005 5.96754608129
-3.94092519976 5.43209320641
-3.58545383607 5.83210941674
-3.64744466779 6.53169075336
-3.34993968719 6.94786606689
-2.81717285625 6.88298156371
-2.26721833608 6.87829891621
-1.71769034375 6.85783460893
-1.17229073836 6.79349747454
-0.643417473615 6.64475345367
-0.131561109293 6.46686042822
0.403547092375 6.3410585784
0.942063781394 6.22926579657
1.47560910066 6.13511092322
2.0185714032 6.04754263627
2.55897236382 5.94535596555
3.09384497186 5.85784623294
3.62734646934 5.72593766033
4.14496533992 5.54015851687
4.67355023353 5.38952946945
5.21876076584 5.32056041379
5.76728328678 5.28054604166
6.21758463395 5.05972585961
5.99367690911 4.56147061764
5.7631241488 4.08163259885
5.51985659569 3.59729860395
5.28094143884 3.12152423936
5.0221067522 2.63644361103
5.00333961038 3.14192759501
4.98065021892 3.69133999513
4.94691057603 4.24016192267
4.83777005457 4.76918225435
4.51650000847 5.20920650435
4.04567673217 5.47211464949
3.50954885308 5.59356216234
2.99879624756 5.79490473122
2.47882529848 5.94507769895
1.94173894614 6.06011430336
1.41179847215 6.20667985746
0.917413926472 6.41989206548
0.59532146796 6.84744328487
0.486593542039 7.38471488607
0.430947994764 7.93184852854
0.486787001393 8.4719704746
0.76211258788 8.92854749113
1.20067968639 9.22313806536
1.69770589951 9.45852314187
2.21140671977 9.6515623857
2.73906690391 9.80241015204
3.25722089073 9.98642410097
3.76923043174 10.1640457327
4.28546741683 10.3537464634
4.82076248205 10.4716734643
5.36885711004 10.517197829
5.91824184726 10.517305473
6.44665418076 10.4012609331
6.96149339348 10.2092723601
7.44717074046 9.95155814068
7.89965375824 9.63919033796
8.31083497278 9.28738854779
8.74168301087 8.98740770689
