-0.0281299919322 0.523283885975
-0.258161946711 0.999725372133
-0.473686941235 1.49179180893
-0.687473067167 1.99330249701
-0.945255967748 2.47835118083
-1.22138683689 2.9109133467
-0.961748708785 3.35001462572
-0.611700729255 3.76380685233
-0.250771247739 4.17878815039
0.124090033966 4.58124251145
0.497803969975 4.97377981575
0.926494412786 5.31666213719
1.39058786237 5.61173776779
1.91887419334 5.73776505865
2.46569700531 5.6791562002
3.01232939776 5.61929771901
3.54802755416 5.53755703844
4.02592744348 5.38326302272
4.46070976363 5.06063722628
4.94437320395 4.79955402436
5.3943233592 4.49805899213
5.86036968035 4.21365305769
6.31948824006 3.91818567157
6.78563667463 3.62640023759
6.42794550322 3.98052700596
5.96263267215 4.27355968164
5.50736072865 4.58213395744
5.0612570355 4.88993845403
4.60148636137 5.19177081182
4.11483189306 5.44528406269
3.60119376793 5.61816954722
3.07203677986 5.76773739245
2.52684786996 5.83933719842
1.99062907285 5.96030649038
1.46512889664 6.12118628071
1.01256561217 6.41218058495
0.663974421191 6.83636249335
0.478031663797 7.35028788419
0.436101798159 7.89821556374
0.388809134263 8.44582197264
0.350308117585 8.99441099137
0.320258462348 9.4987605408
0.827092327722 9.66739130567
1.36401811556 9.78454267098
1.89865440119 9.91261119134
2.44675153917 9.94847440337
2.99604280012 9.97292686846
3.53101343662 10.0566797899
4.04664926552 10.2439687907
3.5893072945 10.0247837873
3.04022113502 9.99349047691
2.49050346221 9.97612681836
1.94069479718 9.96162054872
1.39085578084 9.96111189558
0.857492503386 10.0808556827
0.432663808029 10.4220479322
0.138598398328 10.8862989425
-0.155508332389 11.3506118619
-0.546461636295 11.7068628702
-1.05885660181 11.8999512812
-1.55721137167 12.0216847887
-2.04561870171 11.8697528141
-2.56952709976 12.0369855726
-3.09079177099 12.2122293851
-3.621088474 12.3577823455
-4.14616007647 12.491693722
-4.64149154987 12.6998870452
-4.39542975954 12.2136830859
-4.18384831766 11.7148250376
-3.95134449161 11.2252462277
-3.71059602413 10.7308603648
-3.43729999141 10.253704874
-3.14628971717 10.6982734014
-3.08166297489 11.2307346785
-2.75399458179 11.6551852276
-2.28801586705 11.9294683936
-1.77678047815 12.1314894903
-1.26056267627 12.2966316132
-0.756978058047 12.4961445519
-0.258143650854 12.7277274532
0.230066928156 12.9809447234
0.709036971443 13.2345249381
1.23139998095 13.400664485
1.7787153856 13.4503446356
2.3056128677 13.4415218315
2.8448118529 13.4156799002
3.39407478859 13.4377690354
3.94209881599 13.3916147006
4.49115086299 13.3594219055
5.04058372267 13.3346929373
5.58997170784 13.3092283815
6.13962634182 13.2918640538
6.68962108488 13.2924946306
7.23847086602 13.2597861888
7.7307515763 13.1250408831
7.77947014858 12.5934837674
7.79107999224 12.0442597956
7.84471996531 11.4968906306
7.89385331408 10.9490999861
7.96192585786 10.4033686856
8.06137169986 9.86268795166
7.54990782338 9.94439416295
7.054181682 10.1633853974
6.56268688671 10.3821658761
6.05690205793 10.5643517149
5.51290289284 10.6243002445
4.97386160303 10.5179482905
4.45746629797 10.3558834187
3.95010753533 10.1436938313
3.44468518479 9.92718069898
2.94114032852 9.70609067186
2.41655306278 9.54159211034
1.88761636753 9.39105925831
1.37265129455 9.19826950769
0.884293566323 8.98229964656
0.398209205396 8.74367799773
-0.0758429218921 8.46537742002
-0.562962879594 8.22787492864
-1.06220460821 7.99717988684
-1.55059744775 7.76218140982
-2.04078483131 7.5128336745
-2.52788707999 7.25749727792
-3.01580347342 7.02150387594
-3.47972590832 6.7279585924
-3.87770163131 6.34930706041
-4.22276928344 5.94186608924
