0.495499412243 0.167283628475
0.946437239819 0.460617652231
1.4169447188 0.718117877354
1.89677176408 0.986905266957
2.37338824828 1.25296985622
2.85683994443 1.51378557521
3.32490461814 1.80239425314
2.80021321129 1.96302147194
2.27291194051 2.11858234603
1.73126993841 2.21162538163
1.19179315107 2.31667864578
0.689433260843 2.53356958197
0.341416295278 2.95247964214
0.137858626334 3.44942206619
-0.0338578617672 3.96338057471
-0.240589034198 4.47302361592
-0.498717879741 4.92718486314
-0.660386259199 4.43113850189
-0.925982528001 3.9541253828
-1.24799652758 3.52142019621
-1.73816882064 3.28448130213
-2.27996934495 3.19068239592
-2.81933506998 3.08347722984
-3.34563909743 2.9261091799
-3.78917599009 2.69311221063
-3.26584907374 2.80913366134
-2.75271502549 2.9967526088
-2.20703006196 3.06360418981
-1.68467350058 3.08838883369
-1.25590800733 3.42367250417
-1.01248168324 3.91246526146
-0.951257938636 4.45761650643
-0.955589827809 4.99558933396
-0.946490349899 5.54545349003
-0.989425735758 6.0912154921
-1.24577768163 6.57392741849
-1.60989159521 6.96947934205
-2.00710203844 7.33817644033
-2.38488036322 7.73785897929
-2.74744281685 8.14609367263
-2.26829002143 7.91856623709
-1.79189439795 7.64396118473
-1.31212254005 7.3750632687
-0.834654137237 7.11859217224
-0.341529663979 6.87513500174
0.142805914443 6.63192502768
0.625293332695 6.38526156148
1.14336739452 6.20214916848
1.68484133425 6.10878839541
2.22947255056 6.03249801494
2.77284614858 5.94745572341
3.31195774918 5.8401967945
3.83324606458 5.67815023078
3.2999297226 5.76079676948
2.75522070424 5.83604709621
2.21107529553 5.91577218494
1.66872238738 6.00691908538
1.15050505054 6.18411931938
0.776785907334 6.57623954457
0.627762559534 7.09435124823
0.58124060926 7.59860926617
0.460126972795 8.13463191408
0.425390561902 8.68317548324
0.380878865146 9.23113230567
0.331004619544 9.7788140365
0.284798864299 10.3268317287
0.242790583274 10.8751764813
0.214053785621 11.3762216655
0.228807398077 10.8336546707
0.100415784262 10.2988896952
-0.0346108264305 9.76579336275
-0.0304347350482 10.2964049422
-0.100320424049 10.8418306094
-0.263057126039 11.3645932198
-0.623372035831 11.7501725407
-1.14582576628 11.9053589317
-1.69535365477 11.8981804801
-2.20140985862 11.9051373172
-1.68047151707 11.9113284418
-1.13240204491 11.8655946729
-0.607137925223 11.7167642804
-0.2027134075 11.3621820216
0.0969588999772 10.9015023099
0.388144925954 10.435540605
0.81649627342 10.0994861816
1.35072780032 9.98237926997
1.90022943239 9.96081036131
2.45020719148 9.96081180597
2.99849663195 10.0004414035
3.52805474404 10.1297389317
4.03213078975 10.3176823043
4.52547604844 10.5068797413
4.40470008891 11.0249529864
4.30220118091 11.558924992
4.12235921696 12.0744240439
3.9190187443 12.5848219861
3.60231522394 13.0323340298
3.19104433746 13.3964588336
2.65938231192 13.4738622229
2.11127234435 13.5121674987
1.56185268864 13.5154905863
1.02079794459 13.4457426963
0.50269401739 13.302363329
0.0149350840322 13.0680306722
-0.46510949228 12.8079460834
-0.946195536004 12.5583083949
-1.44994027872 12.3509899685
-1.9936200529 12.2978135974
-2.54148653571 12.3447947404
-3.09111647645 12.3634164627
-3.62335341431 12.4906260189
-4.03981606144 12.8273254505
-4.30233116857 13.296083745
-3.98820019043 12.8877695881
-3.57779887354 12.5537572985
-3.03814872209 12.4704149586
-2.49253057304 12.5068438993
-1.94776976592 12.5659308835
-1.44471105044 12.5276020362
-0.949193322637 12.6209903924
-0.522675398811 12.8820760377
-0.050420753847 13.1639648871
0.450014123846 13.380927275
0.987509347318 13.4496021789
1.53632959612 13.4841803422
2.08617483062 13.4966806274
2.63612857397 13.5038136615
3.18588815344 13.4941078903
3.73522161651 13.4672522952
4.2850725154 13.4551236953
4.83501550087 13.4472045584
5.38499229016 13.4428641925
5.93452259593 13.4547228397
6.48391688564 13.4784759607
7.03376249413 13.4915027034
7.58327072256 13.5145235446
8.10426641587 13.5544550873
8.2703940978 13.0629410323
8.27294225383 12.5138272106
8.26401798761 11.9639832431
8.27414807581 11.4140784284
8.29077979539 10.8643975295
8.33577424158 10.3164087701
8.33988455114 9.76643454479
8.37806076104 9.25790734389
7.85429626197 9.15189733371
7.63228175592 9.62995522713
7.23436437865 9.99915599224
6.7552967105 10.2687783475
6.24696341247 10.4761156295
5.70418972639 10.5572056649
5.16382433795 10.4719252779
4.63521685567 10.3202975809
4.12934506814 10.1048839225
3.62337966769 9.92231240259
3.1058255298 9.73633095841
2.57917480192 9.57782534162
2.04847378239 9.43370667676
1.53321158409 9.27956247399
1.03723600908 9.04485242277
0.661516254732 8.65141083607
0.53370099767 8.12925948416
0.493829287196 7.58086214657
0.472987891126 7.04020340684
0.651224424622 6.52420656617
1.04707259835 6.173393182
1.57283128761 6.02803211356
2.10924093785 5.90945549204
2.64630963597 5.83682082549
3.18506244465 5.72710676187
3.70958589384 5.56251725004
4.21737778885 5.37327644505
4.72008329246 5.16035130898
5.20400941425 4.94424989178
5.70533717763 4.73827954804
6.21934979439 4.54270191398
6.73803544687 4.35998379313
7.26324530869 4.23354158694
7.80916399332 4.2281981561
8.32262831642 4.07508639282
8.58680615511 3.64054001454
