-0.0345463714705 0.507488113663
-0.272832881693 1.00311614813
-0.488923918471 1.48706094595
-0.717385115491 1.98727028496
-0.977150708694 2.46290191846
-1.21463340488 2.91241329684
-0.952989372322 3.35305903087
-0.64828563547 3.80557585746
-0.321748236207 4.23815673524
0.0235719691533 4.6610618869
0.358185836095 5.07719321808
0.567184199306 5.56500292352
0.328168862089 6.05921313875
0.110385851067 6.56417020614
-0.115511398109 7.05676189251
-0.334957697576 7.52019376833
-0.838491493771 7.54276045292
-1.38470205058 7.57159767925
-1.92929749233 7.49532476353
-2.46504472719 7.41341175596
-3.00170625471 7.29517791457
-3.42918735499 7.57833642085
-3.52099383752 8.12058275303
-3.64692583499 8.65584886453
-3.77103856695 9.1916575571
-3.905889312 9.72484941737
-4.03461166096 10.2595679911
-3.66018271968 9.913773497
-3.38067853663 9.44036728838
-3.07510744136 8.98321815516
-2.67132443168 8.61569912929
-2.14362319406 8.47512164639
-1.59400999907 8.45926336154
-1.05504522044 8.50961302086
-0.513058051179 8.60179748462
-0.0023098904689 8.75709155166
0.490396026028 8.98162400615
0.98875478768 9.17338286204
1.49850669808 9.37979231159
2.02279197869 9.49419026175
2.55644720382 9.62252941983
2.26931911505 10.0378105929
1.72076172274 10.0030762424
1.1713797455 10.022055663
0.659621714936 10.2016271155
0.316658796964 10.6254583583
0.0862592197332 11.124686822
-0.15484816892 11.6189353527
-0.366079578775 12.1224034073
-0.220084533018 11.6350316919
-0.00134724653143 11.1435668375
0.219089958857 10.6396898751
0.547545738182 10.2100548765
1.04990292621 9.99853653682
1.59341373199 9.95456612531
2.13520751403 9.94054994122
2.68497721043 9.92911621622
3.23144294055 9.98201791638
3.72255095173 10.2032553225
4.10837440871 10.5809074382
4.41795955554 11.0139843883
4.76203784189 11.4378281681
5.10755052328 11.8606002074
5.45507685581 12.2868295698
5.96063227798 12.2843525451
6.14709658604 11.7760130703
6.40793214003 11.3010019236
6.69241155649 10.8304071098
6.98651048027 10.3656677093
6.47507047032 10.5381310741
5.94641337789 10.6132127254
5.39752794931 10.6087588663
4.86900049104 10.4822693906
4.37511499599 10.2495585927
3.86529085178 10.0676182672
3.34830775192 9.9060378999
2.82796948147 9.73046414658
2.29303959558 9.60266205365
1.76615861692 9.44531359975
1.25119721529 9.25222806209
0.7723942865 8.9875000157
0.476393750135 8.53204109411
0.394736929135 7.99376236159
0.360543560615 7.44484701759
0.405551719281 6.90922499579
0.692908522757 6.46752693142
1.13441736928 6.15574249186
1.65504288146 6.05240071255
2.20310227173 6.00746231704
2.73932226275 5.93024883431
3.27726332468 5.81642687425
3.80676947627 5.66794496826
4.32517304405 5.50979335983
4.85724170398 5.41446132688
5.37364491721 5.33639266616
5.72607387021 4.92548923157
6.11796540063 4.54350123332
6.54835618455 4.28204459703
7.09707336735 4.25327812359
7.64637734543 4.27854822823
8.1962418312 4.29025259524
