0.0927407846853 0.49952863612
-0.0276852410613 1.0359825778
-0.109020883719 1.57989780051
-0.18957484586 2.12393220402
-0.281440602784 2.66605765807
-0.404697159734 3.20201843292
-0.5523249144 3.7276406736
-0.732337739705 4.2045771673
-0.330364101769 3.85102371052
-0.0347631580743 3.38733221254
0.280753306553 2.94674313165
0.657989421332 2.56591776807
1.15139677251 2.34912406001
1.69260274122 2.2566156452
2.24235419837 2.24674742669
2.7923510974 2.24780974629
3.3420893206 2.2585515414
3.89075640321 2.29252413914
3.40423495016 2.17533897109
2.85436919943 2.18618251201
2.30515641877 2.21400515603
1.76244076163 2.30110632256
1.26207461536 2.45740533314
0.740538110632 2.50623218095
0.55169234948 2.97275287809
0.208723524513 3.40045177818
0.00397667933079 3.90830490312
-0.175035383706 4.40713831702
-0.373306541355 4.91995143214
-0.461170367806 5.46247635847
-0.640109510591 5.9809923953
-0.893397724654 6.46906095157
-1.20850629966 6.91787960909
-1.57031329215 7.33172941955
-1.89327741373 7.75695223209
-2.19401944006 8.15968631242
-1.75142743996 7.92076460941
-1.31372290625 7.59515585478
-0.856274200062 7.28995955493
-0.399275398883 6.99132001503
0.0630045593746 6.69340223424
0.532805368212 6.4079078804
1.0289166082 6.19147737841
1.56649531157 6.07857777273
2.11153233522 6.00507566011
2.65101675421 5.8987472239
3.18670305013 5.77414255088
3.71315177948 5.62973286106
4.22528923919 5.47323502799
4.7673099701 5.38342952185
5.31317427514 5.3175754339
5.85397406228 5.21756499008
6.38967159318 5.11201907041
6.92092324018 5.00553333887
7.46746324482 4.94477249537
7.96432796992 4.87873513544
7.47700492823 5.05895229433
6.93940809792 5.1250046545
6.39659971159 5.21336780547
5.85016096445 5.27576030157
5.30270408402 5.32797758531
4.76997806612 5.42604047506
4.24422432311 5.5573663593
3.72513534967 5.73845965135
3.20577752461 5.91310856106
2.65756016102 5.95135947346
2.108575273 5.98327722106
1.57274828105 6.06297637996
1.07005947198 6.27098569649
0.636943186588 6.52209001417
0.1473875435 6.76394220545
-0.336703896518 7.02462614854
-0.807774390722 7.30843553215
-1.27549465275 7.58225843384
-1.74420153533 7.87002847716
-2.21262609781 8.15824281465
-2.67533874852 8.45504766858
-3.06595950453 8.83368163834
-3.31043151565 9.31120592544
-3.51788522907 9.79803722448
-3.74346388486 10.2890339486
-3.9886144013 10.7723868385
-4.21844614011 11.2718488691
-4.45521107435 10.8182582697
-4.47823252978 10.2687599426
-4.50215610296 9.71929785766
-4.53070568204 9.17006003536
-4.55462879149 8.62060791171
-4.58433560648 8.07141193592
-4.62118061561 7.52274815509
-4.65876326257 6.97409586066
-4.6686941182 6.42421036796
-4.67136282686 5.87421684255
-4.67403153551 5.32422331714
-4.68048930631 4.77427853634
-4.73954418458 4.22771307175
-4.8173178079 3.68325367062
-4.92361899611 3.15220134544
-5.03479122913 2.66013396447
-4.71460615508 3.07901796996
-4.59621817164 3.60198250233
-4.44525797103 4.12648763585
-4.30507823583 4.65410118586
-4.13184393115 5.17592640082
-3.94900504385 5.69460095429
-3.74893711823 6.20492589399
-3.40668691565 6.62450357876
-3.00743352972 6.93450949523
-2.54005238381 7.2241287106
-2.08394470416 7.53146719271
-1.62022296422 7.82718358884
-1.17495309879 8.13619812173
-0.720916998147 8.44658309534
-0.349959748895 8.8365063092
-0.147942362747 9.34491290384
-0.0942862682698 9.89162871401
-0.0697265482328 10.4330631044
-0.027175353298 10.9733516895
0.0154529500878 11.5214746766
0.0287673121569 12.0712160927
0.0976266119799 12.580139667
0.197013350625 12.0462150235
0.193360489809 11.4966517054
0.24054262788 10.9490332148
0.423818327771 10.435491244
0.830524733502 10.0715260055
1.32186866095 9.85623102356
1.85494547751 9.72107442961
2.38831544294 9.58695820111
2.91532442824 9.42981336616
3.35387181338 9.17988421627
2.97962083029 9.57118535331
2.45824855941 9.74381625582
1.92456721736 9.85584013271
2.43986415241 9.84207197189
2.9793833001 9.94891021956
3.4926625933 10.1153355909
3.85707162847 10.5138914861
3.95926460521 11.0509251171
3.96440150462 11.6008486533
3.99358472296 12.1500666855
4.01011568866 12.6997888742
4.05396334844 13.2479159792
4.55558527515 13.0435293471
4.89595018588 12.6218383411
5.2393370387 12.1922434569
5.58296981392 11.7628466798
5.94482765397 11.3487337962
6.29529395206 10.9300969011
6.65034244492 10.5205820497
7.00342386978 10.1534478089
7.48564812592 9.95407534248
