-0.0194991525484 0.535393988416
-0.244433770771 1.03728254033
-0.471210561232 1.52954178991
-0.70494810225 2.02739465643
-0.952685888796 2.51841612103
-1.20531057178 2.96670464163
-0.896658730431 3.37803142171
-0.593598990029 3.83680788991
-0.282030331709 4.28025444549
0.0480095911951 4.72013988177
0.382932945997 5.14625105306
0.702970062141 5.53187090367
0.702716682075 6.05279205511
0.489234898215 6.55071431015
0.266891591703 7.02678451326
0.654122458314 6.65669243202
1.01356973734 6.24480741628
1.52556566855 6.06275338391
2.07447037 6.02953809336
2.61811353223 5.94768871959
3.15390460521 5.82374507954
3.68611396532 5.68540091778
4.20541524509 5.53023015247
4.7385120588 5.39513506184
5.23305069442 5.29700762972
4.76586942376 5.50842638103
4.22406389368 5.521718434
3.68030387479 5.60193120086
3.13601869008 5.68092326356
2.59767385304 5.79078533977
2.07437230122 5.95962859444
1.53375890642 6.05950805769
1.01631194864 6.21554840406
0.619498103439 6.57205303149
0.472514073379 7.08915124281
0.476363729256 7.63868808465
0.532078926976 8.18565808814
0.745175958915 8.68721607335
1.15263806328 9.04906914623
1.64873674231 9.13575134724
1.21672133934 9.41737734478
0.865677425109 9.84064645514
0.50712311019 10.257570245
0.189820808061 10.7064350695
-0.0911921891107 11.1791949352
-0.433053188085 11.5879894935
-0.181035343336 11.1315535561
-0.10432066205 10.6037799748
-0.0678564406479 10.0550587127
-0.0242900758747 9.51577446158
-0.206426101783 9.00446404315
-0.640539290509 8.677453469
-1.16328138638 8.54106346088
-1.71068173396 8.49104163845
-2.25930719674 8.52182461606
-2.77771528445 8.67364370435
-3.28733268869 8.86943142006
-3.6480602101 8.47593803161
-3.77562784397 7.94094386344
-3.89222638441 7.40345458955
-4.0295040807 6.87090484469
-4.18787012294 6.34423152518
-4.31531653862 6.86000993385
-4.30913272624 7.40996253729
-4.3070541923 7.95989337892
-4.32202408218 8.50959715687
-4.31320892296 9.05951740245
-4.30344676486 9.60940938142
-4.30978849238 10.1593289794
-4.32844239545 10.7089962867
-4.34762261204 11.2586556601
-4.36817025163 11.8082631753
-4.43725832503 12.3537485972
-4.50542127947 12.8994797985
-4.57228732716 13.4011964768
-4.16469663693 13.0847128376
-3.83155693583 12.659267645
-3.36018359586 12.3846373771
-2.81908777803 12.2936690983
-2.2718453563 12.2388786001
-1.72934541214 12.1495831082
-1.20054349706 12.0308625458
-0.677628816585 11.8659550363
-0.245508997182 11.531249828
0.0820621291118 11.0904049907
0.368887452015 10.6212237946
0.722380545571 10.2141317542
1.22302756304 9.99736536202
1.76880027982 9.93332004664
2.31838409406 9.91791748473
2.86573975408 9.9659775993
3.3939547043 10.0851834856
3.88896098361 10.3222477455
4.33145964977 10.6349774272
4.77065386478 10.9525674666
5.19842313753 11.2850885481
4.80605841718 11.6001333895
4.49420694745 12.0432333067
4.16175251228 12.4813793436
3.82203124348 12.9134739898
3.41218963167 13.2666807852
3.85648830545 13.0271726417
4.26983301222 12.6644252347
4.67463786793 12.3040292499
5.09071982737 11.9443414778
5.50485811937 11.5824380433
5.91742113057 11.2188363569
6.32446749899 10.860982767
6.73406970817 10.5060343274
7.15852673679 10.1563570043
7.58475489147 9.82163389925
7.99827116845 9.45915600868
8.37783902175 9.10452602181
8.01960472251 9.50493440889
7.56454274539 9.80664244014
7.0959640047 10.0866707574
6.60794453255 10.3401127242
6.10026216772 10.5264953971
5.55849667115 10.5512503341
5.03597326485 10.3973065608
4.52887923628 10.1843644978
4.02201142746 9.99289289329
3.50570727476 9.82803050832
2.97425691855 9.68907075979
2.44239120079 9.56587032948
1.91309542072 9.43202949336
1.37825514337 9.30469226842
0.902617750683 9.06812663297
0.588671627354 8.63371870211
0.461261833236 8.10025570259
0.433084939565 7.55170740867
0.537984201334 7.01404440323
0.80577822169 6.56114071802
1.24457973155 6.24144036892
1.75330535883 6.03508406088
2.27532030858 5.86225419286
2.81303820464 5.7470739421
3.3413700877 5.59476107992
3.86268688774 5.41983455876
4.35891296374 5.22932625933
4.8382682126 4.96049512462
5.29592110985 4.65548961005
5.75346572996 4.35030332001
6.22398872621 4.06567516657
6.69331850575 3.77893894987
7.16852125888 3.50205887335
7.64588808982 3.2289126201
8.11395547114 2.95574592049
8.60178993094 2.74241583549
8.10791496142 2.85432907084
7.55853666693 2.83082807644
7.00960044689 2.7986922926
6.46017844341 2.77831690223
5.91158395166 2.73952674317
5.36752858341 2.66237942403
4.84433420862 2.52144533917
4.31585395555 2.36911766411
3.78951925438 2.20961443529
3.26251863341 2.05242177159
2.7274147636 1.92529261939
2.19367653974 1.79284623821
1.67064593089 1.68543494608
1.13196135405 1.5747119443
0.591588855443 1.47309392896
0.0505541410002 1.37436354537
-0.480551684701 1.26625073163
-1.02464645442 1.18653653696
-1.56093215237 1.10879963284
-2.09480946032 0.977922952611
-2.62525263518 0.832608851119
-3.14871976167 0.692105795429
-3.6822797659 0.558814427092
-4.20108186958 0.381574559079
-4.66469080714 0.167208838101
