-0.331655498264 0.419257800182
-0.820473439843 0.671311082966
-1.29819381467 0.943788383147
-1.76178376044 1.23955542911
-2.21314075425 1.55345175628
-2.67254852068 1.85398611531
-3.06439282566 2.17002802789
-2.5982016742 2.4579120318
-2.13727980434 2.75795098724
-1.67847706414 3.06125749537
-1.22575797119 3.37302556907
-0.822518337406 3.74028896437
-0.443414490198 4.13321876622
-0.0578278735964 4.52540827687
0.292198834214 4.91031614683
0.420629016564 4.41332447839
0.362375544354 3.86642995422
0.325930183933 3.31797433108
0.469624066013 2.8021783363
0.878531779859 2.45846445106
1.41128318459 2.3326396966
1.96046402555 2.30359661093
2.51036141345 2.29380095794
3.06034430946 2.290636087
3.61022112725 2.29231350591
3.13506740494 2.09903275311
2.58559035931 2.12194403069
2.03922891996 2.18357311424
2.57109399292 2.10325614913
3.10595751754 2.22928049339
3.63850008749 2.36645562476
4.15901356213 2.51451251892
4.61945700304 2.80804349834
4.87108202651 3.28890784843
4.91600111182 3.81964435944
4.98255470881 4.35929201245
4.9854957106 4.89696678121
4.69602409057 5.34991078444
5.20291540599 5.15745187654
5.65516202677 4.84595257457
6.1064537654 4.53164305651
6.56188251306 4.22330298807
7.01948653435 3.91819353459
7.46788621111 3.60668001874
7.92163266053 3.30323981991
8.39388453724 3.02136924831
8.82022885344 2.73721236369
8.47583830515 3.12074774899
7.97677113739 3.35138784561
7.48452486634 3.59672009521
6.9961415208 3.84955373195
6.5100371746 4.10677820229
6.03806414507 4.38901798722
5.57182680265 4.68070410728
5.11929571911 4.99323052551
4.65483021419 5.28765727125
4.14847474542 5.47754095763
3.61869308474 5.62528188264
3.08114530344 5.73713964953
2.53528655676 5.80401893045
1.99335602268 5.89744521327
1.47429128373 6.05257422063
0.974534524322 6.27796539844
0.611187375909 6.67323851524
0.474177510826 7.20194183045
0.454250199198 7.75142344876
0.481436228785 8.30033915153
0.605910958878 8.82654540375
0.816120950793 9.29252866817
0.365312787404 9.05733205303
-0.142649218857 8.84651832983
-0.657310276894 8.65336014556
-1.18541813616 8.53314059517
-1.73249170727 8.48094622733
-2.28245567797 8.4802101157
-2.82889456931 8.53583463033
-2.28258254886 8.48782830701
-1.73643801498 8.42772228117
-1.18851981251 8.46408509356
-0.6747017101 8.65135014908
-0.302276744329 9.04798655613
-0.159929331212 9.54699238455
-0.158338673556 10.0968935969
-0.165904593912 10.6468369414
-0.210245831454 11.1937668234
-0.497264864834 11.6472913431
-1.00047656255 11.8443857404
-0.490182112703 11.6943688313
-0.125242911083 11.2848950722
0.172532028232 10.8227441004
0.479894834457 10.367983107
0.942224847287 10.0815000473
1.48470371512 10.0009064578
2.034603179 9.99198703232
2.58435201497 9.97791190063
3.12464220663 10.0140749095
3.65125823395 10.166181382
4.12068309569 10.4360773325
4.57380329781 10.7477637481
4.34767769953 11.2351563764
4.22542654706 11.7584326646
4.04576470038 12.2738491192
3.82495652433 12.7680686427
3.49558186956 13.2068087667
3.11236692423 13.5726322277
3.53617434123 13.3043063361
3.94213460584 12.933556213
4.34775248924 12.5745539667
4.73195851253 12.2177384533
5.13841874544 11.8472457258
5.54978434105 11.5005790487
5.96401869053 11.1572925656
6.3761753559 10.8177653853
6.80573078047 10.4743266883
7.23648485825 10.1455246649
7.66306831799 9.81121382619
8.08442496275 9.47032249601
8.49388435688 9.13379838261
8.15333456278 9.5214696405
7.68021599442 9.80191198217
7.20840275658 10.0683843701
6.72076888433 10.3047290339
6.21550553734 10.4993540241
5.67450475306 10.5935870084
5.13332222687 10.5852228131
4.60134570362 10.4866595531
4.08348558397 10.3015288837
3.55613978286 10.1457355397
3.02008730679 10.0700343186
2.47025644796 10.0657293283
1.92833207503 10.0648596146
1.37923371097 10.0832643716
0.854860738316 10.237610201
0.452201872369 10.5955915649
0.149998594732 11.0542134402
-0.146999255735 11.5164020731
-0.564742924626 11.8702383439
-1.06496648209 12.0695956802
-1.61113140968 12.1322789848
-2.15842802026 12.1863016258
-2.70630290124 12.2345640216
-3.2478255422 12.3248307642
-3.7300738686 12.5664087451
-4.12163380882 12.9386828374
-4.33920808742 12.4488133148
-4.34611686948 11.8991047583
-4.34714927622 11.3492131077
-4.35693365212 10.7993347664
-4.36683881911 10.2494782837
-4.35716988356 9.69958384327
-4.34012174239 9.14988067519
-4.31434288199 8.60049470305
-4.28288801805 8.05141072213
-4.2393560208 7.50314473614
-4.17916401809 6.95646851013
-4.07573491648 6.41657016295
-3.91893590543 5.88955823952
-3.79791103919 5.35762975963
