0.507709449682 0.169822603753
0.965142168299 0.467754597182
1.44801182889 0.731007644539
1.94764215904 0.959944666075
2.41764225014 1.24554222545
2.88553810108 1.53454115158
3.34134724574 1.82025076602
2.80418791367 1.83888864545
2.28313272507 2.01440087557
1.75901920051 2.18107549203
1.22202190053 2.29700476816
0.688921339199 2.42429575077
0.29161695704 2.79130227633
0.138425096311 3.31348033505
0.217968869799 3.85630566248
0.175564572573 4.40451465284
0.116496052587 4.91541036158
-0.144474854241 4.43712950604
-0.573264514901 4.09322362151
-0.973136267918 3.72737604457
-1.43180695208 3.44387898858
-1.95822073756 3.28551552538
-2.48829441647 3.14218192529
-3.03273513839 3.06446174849
-3.5736745959 2.96598647634
-4.10258332704 2.84765603229
-4.08644887717 3.38373542364
-3.9826043755 3.91973243153
-3.91024118555 4.46443611147
-3.89939182869 5.01424680536
-3.89380415443 5.56415848797
-3.81257794384 6.09862605356
-3.55127179601 6.57428845133
-3.16648377984 6.94662536273
-2.72200759368 7.27011984782
-2.24642168459 7.54597579848
-1.76260347543 7.80750638117
-1.2954423494 8.09745265461
-0.829389650294 8.38943526101
-0.365051092197 8.68406946483
0.0896844844678 8.99342581371
0.543710010734 9.30382682607
0.169074707979 8.97128006279
-0.338282911257 8.75903809171
-0.857260234809 8.57784999658
-1.38143689578 8.47848338495
-1.92989331513 8.44221086326
-2.46226420225 8.52870382982
-2.89106234847 8.84752993529
-3.16077015496 9.32484059537
-3.34095564172 9.84433175039
-3.52164620425 10.3594976117
-3.73561583486 10.8615412531
-3.96606344725 11.3432558567
-3.49455391637 11.5896455217
-2.94850131334 11.6518149925
-2.40905791284 11.7585177192
-1.87218303167 11.8328370777
-1.32471950971 11.8829908264
-0.785567305535 11.7973385095
-0.345669060158 11.4742442085
-0.0189177272792 11.0325122503
0.257477270401 10.5710635393
0.638585225047 10.1860555972
1.15508259791 10.0109974147
1.70428714432 9.98600056288
2.25382274726 9.96351620499
2.80330346591 9.976593918
3.3337220132 10.0825832098
3.82371392833 10.3289693066
4.22443388647 10.6779708442
4.57196767008 11.0587432947
4.56947463279 11.5680770438
4.30258066741 12.0489257644
4.0372538508 12.5261114703
3.71399770102 12.9639230809
3.2955917763 13.3196201556
2.84226989625 13.5797661129
3.31419864153 13.3698727053
3.74342874797 13.0389371983
4.17127089823 12.693384183
4.57982116265 12.3374303347
5.00003266497 11.9826172073
5.42795577954 11.63713409
5.85999432124 11.3033498971
6.27915000704 10.953644453
6.72536720715 10.6321957768
7.16444099139 10.3009751242
7.60790402492 9.97567264673
8.05212519785 9.6513805971
8.49126329011 9.34057542736
8.06587332571 9.66928860457
7.56504122887 9.87609305075
7.06902599201 10.113608553
6.57789003632 10.3611388017
6.08158036673 10.5497740793
5.53613461732 10.6030052104
4.99697259096 10.500907514
4.48742987481 10.3174672973
3.9737019365 10.1217642252
3.45688645215 9.934118523
2.9399827693 9.77183540028
2.41344287468 9.61300461079
1.89750272531 9.44704158976
1.38974879722 9.25829911921
0.925272928947 8.98277148291
0.610303319064 8.53982965107
0.523736274662 7.99899031011
0.486014285012 7.45029126043
0.449659260417 6.90152661606
0.419502744647 6.3523802691
0.386718864142 5.80338114023
0.343118104576 5.25511564674
0.314222398883 4.70589275824
0.294790259911 4.1562398748
0.275043898102 3.60664356572
0.280635776209 3.06162321556
0.643906140912 2.66979732113
1.14624552288 2.47489033377
1.69334914651 2.42385444501
2.24298338473 2.40753864319
2.7928461017 2.39921826936
3.34106263272 2.43335650472
3.88770829226 2.49301039135
4.41041407556 2.65418057314
4.83702276076 2.98488850549
5.16325299939 3.40674925362
5.48153332613 3.85475564502
5.82693989061 4.28264828751
6.16707874713 4.71473870101
6.59330572278 5.04627953221
7.1031997587 5.20476025174
7.61499722233 5.40515567053
