0.488515500975 0.229362577633
0.955692975077 0.496001661
1.44389509749 0.749273122204
1.92843875526 1.0093015997
2.40047389222 1.29139226575
2.86000193656 1.59359113969
3.31245182726 1.89189359211
2.80036220926 1.88622173394
2.283581338 2.07106141749
1.74813351254 2.19633562202
1.21581594542 2.3341816876
0.712908644876 2.5479520381
0.394010434429 2.98740077456
0.236383937857 3.46208793743
0.085714828085 3.99104603575
-0.0756322039866 4.51264164915
-0.547210164763 4.25845194494
-0.876358354944 3.81782028337
-1.24478404525 3.42234904027
-1.7160748225 3.16863105194
-2.24563421786 3.02144231246
-2.78117040612 2.89633511069
-3.31260765522 2.754704457
-3.83466470789 2.59495075833
-3.31721949616 2.74894444517
-2.80485561212 2.90722192921
-2.26314881616 3.00228561803
-1.73368286792 3.11524206127
-1.27786539107 3.40808512523
-1.02521309884 3.88389367459
-0.873584703511 4.4123888473
-0.747578908612 4.94770505419
-0.617783991813 5.48212210297
-0.479312629384 6.00613015929
-0.317227161235 6.52322093796
-0.153556554387 7.04826257599
0.0226004537714 7.56916074388
0.226023376655 8.08005432151
0.448621040271 8.57421245366
0.714866897064 9.01783330603
0.577706516269 8.49765353252
0.468654356938 7.96073204654
0.466005287669 7.41076802575
0.531638929389 6.8667538957
0.794754150919 6.39088612477
1.26461927994 6.13416300145
1.80601746304 6.03948710406
2.35361485392 5.98923896015
2.89330742159 5.88389064417
3.42695273135 5.75110529561
3.95562292105 5.59949496409
3.42660015101 5.52230151378
2.94912315829 5.79292826966
2.43205646413 5.95119055365
1.88658953666 6.02137310349
1.34594776894 6.12072383343
0.840597766922 6.33143217161
0.43000706583 6.68512513699
0.0427435694402 7.05504233323
-0.395771983599 7.38643739351
-0.818302394764 7.73846076438
-1.23899795666 8.07375948234
-1.66656786567 8.41957081871
-2.17591218129 8.55024314337
-2.68438266455 8.5924449716
-3.15294891516 8.87317909784
-2.69586201137 8.65906459648
-2.18822018089 8.46770172555
-1.64409492813 8.43148309995
-1.09588213596 8.47280879423
-0.573598942382 8.61250860577
-0.070886897711 8.83555920112
0.434498718012 9.05254631394
0.943844771792 9.25989493732
1.45410253599 9.46511446242
1.95950437824 9.66078502275
2.46517883963 9.84441331755
2.9945370583 9.99247410992
3.52107286708 10.1180071912
4.00977426453 10.3683421462
4.46424911404 10.6779914412
4.03574958208 10.3902083623
3.53184342027 10.1711993753
3.0004611853 10.0321205531
2.45188171314 9.99797003542
1.9020682111 9.99148364348
1.35221371876 9.98172860669
0.832984881714 10.0823925959
0.430194575 10.4325216719
0.129570095005 10.8928570944
-0.1864888479 11.3275580649
-0.611557386387 11.6619888257
-1.12817991161 11.8512128927
-1.62560364244 11.9146132305
-2.15486850759 12.0113047093
-2.65815766967 12.2119752548
-3.18786048431 12.359488906
-3.69080507245 12.5711559831
-4.09181028164 12.9440568256
-4.32565503468 13.4313149217
-4.39780006577 13.9456671492
