-0.285489474697 0.427872405123
-0.773518561729 0.663573027166
-1.24368045479 0.93297125893
-1.71355643436 1.21881665221
-2.17903102833 1.51171711129
-2.61178078409 1.83077651962
-3.01560965128 2.16150500282
-2.65231592475 2.51974975927
-2.18755375687 2.81377928082
-1.71226706328 3.09019046575
-1.26572279669 3.39579135386
-0.944162263764 3.83367827176
-0.691146139625 4.31750647795
-0.434641899673 4.80402673727
-0.171563884115 5.28699207965
0.155346143858 4.8937725821
0.223983129091 4.34813486744
0.250570178788 3.79908869361
0.276741666085 3.24994154318
0.362982773782 2.70746770379
0.618254446181 2.22540468342
1.10359163656 2.06561683963
1.65194562654 2.04023893141
2.19952639989 1.98973128108
2.74917351213 1.97125408453
3.29907066513 1.9606673205
3.84893366708 1.94839669381
3.36926232361 2.18083450205
2.82060564941 2.21905151982
2.27957827849 2.25133658877
1.7316773631 2.29845144736
1.18674949468 2.37287362236
0.654537823747 2.50963457615
0.129879370023 2.67443179635
-0.409598905736 2.78069576314
-0.949861835452 2.88250269656
-1.47311389536 3.04928801999
-2.01594873886 3.13627132396
-2.5513622517 3.26103637275
-3.09407519128 3.348531628
-3.55127849198 3.60811007798
-3.79632410735 4.09433983874
-3.84994667842 4.64072771572
-3.80271051958 5.18805064041
-3.71480129662 5.73094460349
-3.478160405 6.17577126291
-3.20669518034 6.65292637785
-2.79725849918 7.01320897754
-2.34430594684 7.31799362397
-1.89612818012 7.62984158505
-1.4396297605 7.93660209897
-0.985929388632 8.24744254055
-0.552076883636 8.57209108262
-0.137334302534 8.93297965838
0.2566335016 9.30516076647
0.658577835319 9.6687359919
0.294341288855 9.31726269426
-0.135423280013 8.9870233177
-0.591628611378 8.6807663685
-1.10096493848 8.50173191722
-1.64800235151 8.45154480573
-2.19713588968 8.4603585659
-2.71378329296 8.63759341829
-3.07732474796 9.03065560495
-3.29560827109 9.52614791128
-3.4951911696 10.0300607836
-3.72792719129 10.5275260583
-4.00055274182 10.9959018777
-3.69359970506 11.4244187987
-3.16898345944 11.5873526853
-2.6425669955 11.715163301
-2.09893418254 11.7965367824
-1.55785555689 11.8280075674
-1.01683305795 11.826712469
-0.509017438642 11.628259893
-0.135275192455 11.2279318626
0.170133058129 10.7706592729
0.507776509185 10.339517739
0.994430188984 10.0945575173
1.53847088212 10.0190452223
2.08755713179 9.98762434506
2.63751599905 9.98344892026
3.17716368968 10.0255908305
3.67900852725 10.1977213518
4.1472329397 10.4857306913
4.59397733936 10.7925871267
4.23477961218 10.4288380073
3.75043674869 10.1768438968
3.24968011483 9.95950990643
2.74762679304 9.75542767984
2.23307862394 9.56116192256
1.72855954761 9.37438925955
1.21299506943 9.22133162281
0.729462632439 8.96965719449
0.464379166778 8.49595277364
0.42647698646 7.95848359053
0.445605328762 7.40897628163
0.519115695282 6.86564939897
0.790492346957 6.39226313988
1.24663278025 6.09605402403
1.78288119056 5.97721357092
2.32234626399 5.87026451332
2.84167219915 5.7531566183
3.36990057807 5.6001012664
3.8778743174 5.41195723959
4.31037842841 5.08195275085
4.7063016822 4.77640619254
4.54347637239 5.26402968023
4.05328694195 5.48710618063
3.54578428367 5.6749023476
3.03309303437 5.80856236915
2.49979015519 5.93631567782
1.98081003907 6.09120743091
1.44593511468 6.17841264345
0.943181287092 6.38839391326
0.597041158337 6.79727972523
0.468454309895 7.32859962295
0.442470150765 7.87795147966
0.439950051448 8.427744892
0.434587339183 8.97750738541
0.428066152669 9.52742865171
0.432386286359 10.0774085014
0.431864767236 10.6273144585
0.428185356298 11.1772579911
0.431883358874 11.7192020573
0.412840825709 12.2688041765
0.500627198004 12.8049568721
0.822486738423 13.225803032
1.33210708707 13.3907063043
1.83895653913 13.3676560486
2.35095310565 13.3684327163
2.89482107523 13.3032208436
3.40373149967 13.1175205218
3.87324021116 12.8684158053
4.30362039126 12.5262513857
4.73881123261 12.1899464014
5.17548035828 11.8555587029
5.61646870552 11.5270094806
6.06186325973 11.2183332361
6.49544926598 10.8931711857
6.94366188032 10.5744649332
7.40125232532 10.2766490206
7.85565941897 9.97398761464
8.31660529391 9.67398779276
7.87086521228 9.93340801474
7.36643363102 10.1523456705
6.84811035367 10.3359120937
6.33721365921 10.5167472934
5.79951489752 10.6264721753
5.26333581178 10.5721843465
4.76161900511 10.3680947769
4.26077089371 10.1609459416
3.75099546241 9.95453280171
3.23164626759 9.77364193958
2.69994397833 9.63407995181
2.16749244725 9.49682161067
1.65399128784 9.3562574994
1.1397155843 9.16469091369
0.731489068524 8.81531460283
0.51150424375 8.31591034261
0.446963445387 7.77022878069
0.408557860979 7.22163624093
0.496548911825 6.69070611253
0.824722217186 6.25817722039
1.33499714968 6.07077385405
1.88317300972 6.0265515963
2.42596918571 5.93995650613
2.9567663521 5.83051021868
3.48953574402 5.69530296943
4.00217570246 5.49642799335
4.49777875083 5.25838568418
4.97238210217 4.9805085233
5.43875398054 4.68903596223
5.89879539327 4.38761858365
6.3658049341 4.09711300617
6.83099221074 3.80377434308
7.30814219073 3.54812579969
7.79506257355 3.29277684316
8.28591368908 3.04475736315
8.75571908776 2.83454187626
