0.506760593937 0.172083420564
0.952978258768 0.454967120674
1.43484874133 0.720073187183
1.92008265957 0.978269395024
2.41566503972 1.19684370379
2.87237943729 1.47341753187
3.29266989932 1.80573987086
2.77180609603 1.96322651404
2.24032373245 2.10467941845
1.71177012639 2.22455718375
1.17671454997 2.35128127804
0.631313279422 2.42012730886
0.138397344997 2.64095935375
-0.0407013508948 3.1341044337
0.0324477807703 3.63632909344
-0.0352480954586 4.18165698145
-0.0582527980674 4.70874852781
-0.413246830256 4.29370109
-0.817664298465 3.92123786676
-1.21917706696 3.54566519016
-1.70137977319 3.28920793137
-2.24694198221 3.23245970977
-2.79422699817 3.18174925318
-3.34312111628 3.14854249889
-3.89209949616 3.11659580348
-4.40361672501 3.10505193621
-4.27260377411 3.63222087105
-4.1470128055 4.15864986299
-3.9966988882 4.68729802586
-3.93045528412 5.23278813073
-3.87647767361 5.77936440602
-3.67691952814 6.28027706866
-3.32013961789 6.69639595829
-2.87857343209 7.02384332334
-2.42105478068 7.32893958702
-2.00122466102 7.66978354666
-1.555714725 7.99164080556
-1.10713994912 8.2953556228
-0.62090544173 8.5522889077
-0.160962231747 8.85343865476
0.276124681666 9.17389386284
0.670905544888 9.48696711841
0.338333405347 9.08975221138
-0.160036290372 8.85719374924
-0.657891388173 8.64331859936
-1.18943011537 8.5075841902
-1.73874865566 8.49431171416
-2.28626441593 8.53742672813
-2.78130196257 8.76592605129
-3.1187040828 9.18566947304
-3.35830552696 9.67164630003
-3.58774498152 10.1714437677
-3.8469330707 10.6473337415
-4.12002139337 11.0954366906
-3.69949586392 11.3719746411
-3.17161323864 11.526370902
-2.65103917336 11.7031803301
-2.11008193383 11.8000406225
-1.56123185633 11.8337756439
-1.01190884638 11.8163988023
-0.507330798809 11.6332376006
-0.10690902705 11.258531156
0.210765688428 10.810410703
0.525011722311 10.3702000476
0.984574207542 10.0770109177
1.52481605962 9.98557087563
2.07470137668 9.97712463351
2.62431149319 9.99245930707
3.16151818198 10.0631046053
3.69312715765 10.2008521878
4.18277504736 10.4321541787
4.65551847874 10.70528869
4.49493716943 11.2075377003
4.33365074266 11.7204788319
4.13539415604 12.2249162869
3.89289997287 12.7174564275
3.52164737839 13.1194005245
3.051173482 13.3871611759
2.59834832466 13.6255300931
3.08491888802 13.4720130828
3.53717122696 13.159200732
3.962373153 12.8105188356
4.37026005048 12.4416103562
4.78125491017 12.0885145636
5.19428573189 11.7255950496
5.60414521189 11.3590172922
6.01668233229 11.0075105805
6.44248563887 10.6594245444
6.87009249511 10.313534917
7.27895038889 9.95795807552
7.6438735497 9.55272889278
7.97025478065 9.11513373691
7.8184057386 9.60892764632
7.38213677027 9.94348926099
6.91825397962 10.2234049148
6.43924757572 10.4589465028
5.9054599321 10.5829609625
5.35782036376 10.5552199889
4.82027719073 10.4415938558
4.30859558038 10.2402620103
3.79560558928 10.0653825815
3.27516566993 9.88753342125
2.74965390233 9.72541151306
2.22083768443 9.57427634176
1.69717539153 9.4063368226
1.19090209448 9.21366569025
0.742429230652 8.90122584559
0.486423946083 8.42089629928
0.403983883508 7.87759529698
0.365397980893 7.32897720483
0.325447881218 6.78046678447
0.281928723702 6.23222107938
0.270473381818 5.68282687931
0.294368926375 5.13342279603
0.299643841487 4.58345548576
0.294814667536 4.03355044128
0.284093675311 3.48389120343
0.349747314902 2.97313592472
0.617037147022 2.54893985728
1.13117334494 2.36715914575
1.67994196411 2.33980244989
2.22976223629 2.32893105966
2.77956368852 2.34089778334
3.32950700963 2.34370835586
3.87539056695 2.40918358524
4.40943035024 2.49914329767
4.89160367642 2.73700169651
5.20636497477 3.18212320591
5.40496291118 3.69460542712
5.5955462647 4.21028239399
5.81971748982 4.71246885857
6.08402296088 5.18085334149
6.60639801128 5.27374747166
7.14266572042 5.33902060439
7.6736664091 5.46590550675
