0.0210437169323 0.509245087608
-0.232832880987 0.996742901999
-0.458526535396 1.4895112371
-0.686567845516 1.98999887498
-0.929311338499 2.48341776161
-1.19907906788 2.93566532894
-1.03547359106 3.43500976332
-0.794313996902 3.92920319533
-0.53598249189 4.39647541022
-0.278558435488 4.88248252673
0.00270704581145 5.35505996458
0.302211122686 5.81630908478
0.606847255066 6.24475214894
0.511058072382 6.74486217698
0.104311857499 7.09443921547
-0.295586196328 7.46023968933
0.0699942449535 7.09261962746
0.433138811021 6.67962827918
0.833911184289 6.31616908501
1.32728025389 6.09902842259
1.86979765705 6.00968615133
2.41208804047 5.91824643158
2.95155699382 5.81116556431
3.48627326895 5.6830402239
3.99793730846 5.50540919165
4.47712992569 5.25354617436
4.88878183128 4.94844544357
5.39590733656 4.73783169706
5.87747068043 4.50717440613
6.35437440712 4.24968724048
6.50856690563 3.75842338353
6.22610081693 3.28664264348
5.9476596717 2.81236350485
5.68179121394 2.33147167267
5.5349808284 1.80296951203
5.4826800853 1.25564312417
5.4287912048 0.708307416477
4.90799349671 0.799490499643
4.40776883825 1.02700198872
3.91796598548 1.27715113496
3.42350874167 1.51795912409
2.94178201246 1.74832445226
2.43903488799 1.97129751454
1.92728974525 2.17270756772
1.40085647097 2.33121716313
0.888476149166 2.5264351488
0.49300439541 2.89956254289
0.273083716916 3.39379312962
0.0951642915889 3.91419591719
-0.0961242290356 4.4213103453
-0.300455497572 4.93182250879
-0.559021925295 5.40807934629
-0.820927035752 5.89171523655
-1.12349315513 6.34013367886
-1.55485154713 6.66130152313
-2.08311199163 6.81211233128
-2.62069123628 6.92679018528
-3.16050120748 6.92784892614
-3.6674908605 6.74178795391
-4.14200623464 6.46405258003
-4.37135204705 6.92085990519
-4.3600657135 7.4707022429
-4.34595562777 8.02043435802
-4.30901053859 8.56117263385
-4.26223722276 9.10916583215
-4.2122132615 9.6568747518
-4.12487558824 10.1618778765
-3.71153104704 9.87084593326
-3.41931278622 9.40498879958
-3.09871730659 8.95839488087
-2.7053760612 8.62160614626
-2.18929915022 8.45312077784
-1.64080960873 8.44492391676
-1.10187721361 8.49987296787
-0.584264024757 8.65844255919
-0.0819962039262 8.88219928138
0.430370769957 9.08189122856
0.94761494543 9.24176119649
1.48151257083 9.37380083968
2.00229704753 9.5238669877
2.51719490328 9.67973035762
1.97970202555 9.72003944995
1.46790608721 9.89802371756
0.955251268519 10.0960400095
0.500437998509 10.3898114818
0.119373683374 10.7840227634
-0.186957718679 11.240742168
-0.552161063978 11.6485232678
-1.0038012728 11.8858356344
-0.606052987643 12.1984291715
-0.204079302438 12.5737885512
0.206326060666 12.9398857108
0.59258606641 13.2776977749
1.11989120588 13.415531928
1.66677611133 13.4731517954
2.19634649699 13.5869698111
2.68147357296 13.762992239
3.21606018124 13.6982136146
3.74456669355 13.5785757017
4.26835462576 13.4111344677
4.78764034496 13.230106259
5.31642113625 13.0796232127
5.81771228322 12.9570762606
6.27665892884 12.6982222648
6.65970816239 12.3035703581
7.04257825528 11.9557616132
7.37298585433 11.5683287338
7.5959689616 11.065596202
7.83239835286 10.6226523846
8.18324152271 10.2143467591
8.43508604506 9.72549574511
8.70155670727 9.28781054645
