-0.361609369193 0.395461444816
-0.848951638198 0.632221773976
-1.31746971808 0.920198131463
-1.77398478116 1.21224178463
-2.24314955869 1.4992328457
-2.69823336343 1.80756750662
-3.0672248944 2.15757026807
-2.64020649817 2.49632859228
-2.18280752808 2.794381973
-1.71131124396 3.06953152714
-1.25891330188 3.38068117782
-0.878389935723 3.76026473435
-0.537221138118 4.18139354798
-0.202428203713 4.6076076113
0.111812193493 4.99671523042
0.394860950718 4.55661865483
0.353649700967 4.00832519266
0.315871520184 3.46009466194
0.46206203307 2.94049327625
0.865884518235 2.58112805619
1.39219865873 2.45130748644
1.89449335243 2.43391668878
2.39469731057 2.41698912585
2.94431605847 2.40047242265
3.48371111032 2.29445649303
2.97700272344 2.36977200867
2.42809293725 2.33577619419
1.87847235267 2.32332018796
1.33791343577 2.41336042138
0.899076909075 2.66997396122
0.444339615713 2.96147873239
0.00694731629612 3.27759881529
-0.119175199727 3.81194603079
-0.284633322125 4.32799189189
-0.468181776178 4.84217430382
-0.65374694167 5.34279257218
-0.878784055689 5.84451155395
-1.178339913 6.29375214238
-1.60880608161 6.60886863556
-2.14229189744 6.6984606962
-2.68752742361 6.74622122151
-3.19388932951 6.92795777646
-3.05112628821 7.41827744599
-2.56837141266 7.66464902139
-2.07540027379 7.90852558361
-1.58011579562 8.14767467613
-1.09800889705 8.36166769348
-0.608344195491 8.59263262009
-0.183828523186 8.91421494211
0.187519549074 9.31973688907
0.540725783873 9.72023318347
0.211992804988 9.31884435345
-0.197291497153 8.9763414726
-0.639741788322 8.68791882889
-1.16878898779 8.54583656739
-1.71789365328 8.52175432006
-2.26608600024 8.55545972766
-2.77894445388 8.73967970638
-3.10761198269 9.15997467405
-3.22793909506 9.69552216841
-3.32119354573 10.2374914637
-3.40842945373 10.7723437769
-3.49180510964 11.3037259602
-3.59556991821 11.8103686771
-3.1012312492 11.9694076239
-2.56684951716 12.0582525034
-2.02723943851 12.1646286673
-1.49214372505 12.2729285992
-0.965464648213 12.3963540859
-0.48371178413 12.6602099977
-0.00926573316612 12.9384083817
0.456529067167 13.2154436203
0.454111520502 12.6720180961
0.353303947048 12.1335733621
0.352299996262 11.5836794275
0.357258815606 11.0337366477
0.453013028328 10.5043309001
0.835558198323 10.1349964801
1.36982776352 10.0176205962
1.91965502105 10.0121846601
2.46944899921 9.99955459745
3.01821050032 10.0316919364
3.55145180343 10.1594984079
4.03187594005 10.425729978
4.49637996418 10.7200092614
4.13295740566 11.0675943945
4.16508094816 11.6157694317
4.17797594315 12.124452167
4.66035778153 11.9245288409
5.11244663277 11.6114744553
5.57637546014 11.3236906774
6.03926658304 11.0267094699
6.5021990673 10.7298268098
6.96994041053 10.4561948673
7.44412842682 10.1936922658
7.92979280663 9.93556808333
8.40624563065 9.67729733184
8.77986622164 10.0396965627
8.77543774063 10.5894413546
8.79636758305 11.1389351209
8.81982552271 11.6884288561
8.84023308202 12.238039151
8.85359162336 12.7878698058
8.3452212033 12.8120305675
7.87074151658 12.5349818044
7.39223728063 12.2807281695
6.91469814349 12.0079082493
6.43820042518 11.7333987996
5.96135404197 11.4593501592
5.488912829 11.1777567931
5.01669153987 10.8958043277
4.53917807077 10.6229504421
4.05199169752 10.3677201076
3.57064879602 10.1016490886
3.07236437471 9.86991941843
2.55608056051 9.68048618926
2.03946870577 9.51655591741
1.51989529615 9.34896253115
1.03382607354 9.12081965011
0.666626603819 8.72001063488
0.541450511801 8.18801714786
0.450342618822 7.64589901984
0.411943308731 7.09877112653
0.5882323687 6.58413182897
1.01607204791 6.24884840176
1.53575588045 6.09682893663
2.04267298457 5.90549455696
2.57158141702 5.75489640214
3.10607035952 5.62535671129
3.62883326764 5.45672916966
4.13309012683 5.24119672599
4.64047664674 5.09671944438
5.16018315116 4.97358401387
5.68929020804 4.95877645214
6.19161495231 5.15507911146
6.69461597672 5.32753793293
7.20818190907 5.52095824224
7.70692757146 5.41658495825
7.84504843001 4.88476199125
8.06338222743 4.38009186807
8.27485945363 3.8724134851
8.52460997929 3.3827296342
8.78077421032 2.93164169064
