0.298193926804 0.453473660097
0.415803825989 0.990547512014
0.601958948206 1.49916512858
0.84129102217 1.98531350172
0.571688346544 2.41754808446
0.386279038747 2.93327403588
0.242089985686 3.46401574204
0.0996670822471 3.97866289114
-0.0812969186565 4.48867284812
-0.30456245641 4.96489877037
0.118032454505 5.27606659585
0.624380736872 5.49067837561
1.15190674782 5.64572476716
1.67659345939 5.81046911915
2.16474179721 5.9608163394
2.70188285467 5.92034081011
3.2410048478 5.81316728222
3.76736964718 5.65377505105
4.30150994131 5.52367385754
4.81879808708 5.46938874607
5.08112132923 5.03645223008
5.25590480441 4.53202803959
5.65622077546 4.17702729463
6.16889499902 3.97794043075
6.67297458908 3.80173552916
7.19026200327 3.64051401102
7.71178342711 3.52626328931
8.20341914137 3.41226256163
7.84825841687 3.78043113807
7.33173427839 3.96804147061
6.83419315153 4.20241995294
6.33288065528 4.42828327536
5.83611474839 4.64497672526
5.34660228641 4.89538816262
4.85033523746 5.13235002317
4.345400921 5.35001735284
3.84285957446 5.53050372576
3.32931867097 5.70369677063
2.8061208887 5.87282434167
2.26578037597 5.96967473611
1.71637242093 5.98551199284
1.21333158299 6.19169707156
0.883390830389 6.6233861193
0.761942834422 7.15828398453
0.609208884372 7.68231604432
0.551185466678 8.22346918281
0.662493557166 8.75611463814
0.894134646672 9.24905103763
1.19813759488 9.6898425637
1.74525532911 9.72991626433
2.2928592742 9.77364232154
2.82882368129 9.8962804375
3.34601138151 10.0571535741
3.79797759226 10.2754917658
4.27390672167 10.4999623321
4.7339502324 10.8013392324
5.18498209105 11.1159340316
5.60716548802 11.4128298437
6.07275702146 11.1585385678
6.44742560764 10.7674005839
6.83733290984 10.4025551225
7.23104324479 10.0300598661
6.92926471951 10.4480529947
6.49560339125 10.7726626076
6.0649742901 11.1147838529
5.63372600191 11.4430721855
5.2026130347 11.7844616565
4.77491229219 12.1302446629
4.35537450359 12.4733235806
3.96932759473 12.8536057288
3.55370581598 13.1988799072
3.06040900106 13.4406235957
2.54306819003 13.6272395445
2.06337846099 13.8207944106
1.61940551646 13.5469608868
1.08391293812 13.4639939675
0.574353326035 13.2837931514
0.0880012440905 13.0271454807
-0.388513054183 12.7524967524
-0.875338872279 12.4979575488
-1.41073563441 12.3790320535
-1.95059912425 12.4284263965
-2.41183965033 12.1568726725
-2.8534141188 11.8432316365
-3.31353392163 11.54196287
-3.59341939303 11.9958079221
-3.88427572306 12.4531382134
-4.14092939182 12.9022411606
-4.16931583606 12.3855808178
-4.23490998445 11.8396585968
-4.28871143945 11.2923300729
-4.32889557071 10.7438386842
-4.38078300449 10.1963224007
-4.42539392721 9.64817953014
-4.43889736253 9.09838705545
-4.44135054143 8.54842749906
-4.43222558183 7.9985275391
-4.40553718701 7.4492877577
-4.32557995077 6.90541904705
-4.18921356796 6.41706340157
-4.25967584999 5.87669190144
-4.336245715 5.33609895732
-4.41770808056 4.79221293181
-4.51713643862 4.25129071038
-4.61106295977 3.70944356645
-4.72757539894 3.17217050636
-4.87994729464 2.67808100956
