-0.279168674966 0.439529603614
-0.773922767614 0.660483581306
-1.25393216085 0.928663292091
-1.71816804122 1.22327466702
-2.15465074256 1.54456814129
-2.59536947993 1.87357642726
-3.05764715105 2.1484047476
-3.53760097074 2.31620550275
-3.09049179813 2.59636994075
-2.59992850661 2.82677230901
-2.09629433288 3.04736303036
-1.5992281647 3.26260980306
-1.17352384368 3.60494064218
-0.879981256668 4.06912328976
-0.656851563947 4.56278678554
-0.418183272551 5.05352673286
-0.181135117853 5.51498508471
0.316971189888 5.59947067692
0.329413260358 5.05471286692
0.31682781602 4.50500256346
0.314480353202 3.96303557482
0.307237351235 3.42129509425
0.437326882775 2.89117208936
0.798984614529 2.49485068388
1.3055569812 2.29025634549
1.85321156262 2.25323376425
2.40257744142 2.23327630336
2.94881924184 2.17051296271
3.49026842458 2.07484877015
4.01724376874 1.93244267697
3.54065598729 2.08576740846
2.99087260903 2.09803574564
2.44402887595 2.15549425103
1.90374168337 2.25807769032
1.38016652621 2.36274823884
0.881906134101 2.56809505679
0.572510875407 3.01258546333
0.399616121381 3.53464147591
0.212401908972 4.05173095268
0.00524884826261 4.5611477454
-0.254820435568 5.0256146587
-0.576483209859 5.45176335171
-0.898575186544 5.89758230879
-1.23850998392 6.32449431849
-1.64153075572 6.66613357379
-2.15010509179 6.79741750196
-1.84593663798 7.21883105663
-1.48103023488 7.62987816324
-1.11195867606 8.02129265451
-0.736212007494 8.41734525418
-0.37696887873 8.83227910718
-0.177806065768 9.34113459221
-0.108612864827 9.88653354904
-0.0494032621049 10.4167709501
0.00922889559742 9.87831356716
-0.137127411616 9.35670367998
-0.393000106786 8.88292806749
-0.844939199421 8.5864298825
-1.38035781025 8.4883317805
-1.93006564799 8.47946704866
-2.46817849727 8.58199716502
-2.93052500864 8.85900166826
-3.30098918579 9.25376300895
-3.64888542434 9.67961596163
-3.99925763418 10.1031997974
-3.93167160442 10.6230878355
-3.53968199653 11.0085712583
-3.14715795614 11.3935475646
-2.69424306077 11.7042863777
-2.21194398219 11.9685442099
-1.70842862984 12.1888480927
-1.19129507678 12.3760728811
-0.683249427288 12.5853853598
-0.199210037951 12.8465156493
0.280258458523 13.1159434624
0.761171066534 13.3828019377
0.576650173258 12.8948671914
0.35416647099 12.4011550842
0.32767496576 11.8522921362
0.306397367478 11.3027696288
0.358168211347 10.7563195858
0.629684084074 10.2877482333
1.11892597939 10.0499804172
1.66609606859 10.0042016837
2.20623594801 9.96044384209
2.74768113879 9.94583943883
3.28942275721 10.0325520567
3.78624327901 10.2641493734
4.15340765765 10.61893606
4.58799925518 10.942199986
4.97163802969 11.3134231703
5.344264845 11.6648314155
5.06056464966 11.2055609082
4.62893825722 10.8778818308
4.20714452596 10.5250579269
3.75827123871 10.2074411386
3.28275222528 9.93173397162
2.79646789469 9.69253438399
2.27585542237 9.51608081599
1.77301975111 9.3364255889
1.25547318592 9.15089975941
0.812027610678 8.84887356257
0.585591452296 8.35432252238
0.537187156923 7.80697395415
0.527932458505 7.25723466968
0.629794750954 6.73135407913
0.955054381038 6.31218907889
1.45389047528 6.08808509268
1.99351547641 5.98252596668
2.53482061982 5.88543090873
3.06794756979 5.75113669967
3.58904723347 5.57530463555
4.09876823565 5.36923707041
4.50663500133 5.01823287111
4.74078590289 4.55987912726
4.69266534572 5.09499129272
4.23070418132 5.38603685062
3.70787654627 5.55442910104
3.21913722006 5.73527124496
2.70795585804 5.91201837717
2.17170125087 6.03178557258
1.62367878766 6.07720471245
1.1047821044 6.22116803422
0.70763606129 6.59156296205
0.546690032983 7.11343013173
0.532247070863 7.66283727444
0.478219257099 8.20987301219
0.590088924687 8.74113934253
0.948271358567 9.13624631211
1.42122918784 9.3726213982
1.92924587376 9.56139855852
2.43746194722 9.77110394078
2.97731580374 9.87267413014
3.5226131244 9.9442323855
4.03714158654 10.0730098658
4.53552560903 10.3055187079
5.04511760321 10.4892817387
5.582000213 10.6051714194
6.12059646641 10.57506639
6.62606237967 10.3831179262
7.07345855281 10.0780663917
7.44454823149 9.68592001634
7.70394938981 9.20178838676
7.60106574906 9.71071968748
7.19583916852 10.0732235383
6.72531552806 10.3332291084
6.22876533468 10.5386997258
5.6873948474 10.625604563
5.14230270925 10.5609889003
4.61940901557 10.3944114409
4.1230583232 10.1978515833
3.60610972898 10.0100883791
3.09985976638 9.8168438007
2.57967515734 9.63943197337
2.05499703746 9.4748294975
1.53350036438 9.30008367955
1.02615856432 9.08942675159
0.632550568999 8.71547196652
0.49757286153 8.19564052887
0.478628390491 7.64603048692
0.500361714931 7.09740102911
0.688429758969 6.58847517165
1.08039582515 6.22726689454
1.58384708769 6.01084416279
2.12225714199 5.89918695291
2.66252391813 5.79627995399
3.19574637643 5.69934398117
3.7247244446 5.56527452144
4.23516843582 5.37192440428
4.71846761386 5.12715396918
5.18352680471 4.83366614056
5.6391231874 4.53276094522
6.1061125532 4.24999428145
6.59056428936 3.9896612721
7.06393740871 3.72571180793
7.53446267018 3.47320967195
8.01842771165 3.21194314289
8.50548186498 2.95654442715
