0.510808902477 0.172340882652
0.96364746911 0.469975909049
1.4490660061 0.728504567702
1.92800841 0.998847497063
2.3984447722 1.28372500279
2.8565109461 1.57341390858
3.29438449195 1.8818663783
2.79748592041 2.083473843
2.25382358772 2.16211330397
1.714412818 2.26941132066
1.19041666609 2.40581355689
0.688504193373 2.62513850358
0.371283587493 3.05403924643
0.243188532024 3.58835732658
0.102858381147 4.11997979414
-0.0218567267527 4.63748950221
-0.471404591857 4.41029842774
-0.903596329509 4.07231030974
-1.3387005976 3.73754488068
-1.82601582722 3.48332883496
-2.33778005532 3.2826978992
-2.83855076326 3.06206319951
-3.30626673285 2.80611394078
-3.80562525141 2.57562820526
-4.25861479488 2.28173663653
-3.74396642631 2.29645422947
-3.2594611643 2.51629710068
-2.75128250296 2.7261647343
-2.24053409033 2.92822101915
-1.73695299847 3.10529640465
-1.26980435712 3.3735738224
-0.984136551541 3.83694100673
-0.851380234967 4.37012532386
-0.768020657388 4.905637838
-0.664743460257 5.44582037087
-0.554757807209 5.98466077138
-0.42105711885 6.51814441916
-0.270891019326 7.03889683952
-0.0977791287004 7.56092630883
0.0910778719252 8.06893980687
0.283266134598 8.5757043324
0.505708984663 9.03744925726
0.635679040406 8.5210523946
0.555370549748 7.97704521854
0.5087030496 7.42912715827
0.547136716356 6.88960552521
0.710227586355 6.36596480076
1.08289671926 5.9733395715
1.6088569156 5.82530799281
2.15604639724 5.77002906356
2.7006379576 5.69324155544
3.24104751605 5.59122311842
3.77380748034 5.49208052622
4.30663723325 5.35595578747
3.83273851531 5.62174519503
3.29697485163 5.70337733416
2.76562806578 5.83562916924
2.25646787316 6.0412009055
1.72252820107 6.13069593988
1.18936469157 6.22480023414
0.675923894909 6.41872524537
0.207021813967 6.70561966999
-0.260262685065 6.99559409843
-0.726845196522 7.28674355816
-1.19275642746 7.57896314844
-1.65513268326 7.87679324891
-2.1270850671 8.14299017555
-2.60538310258 8.41441196515
-3.04268077876 8.74573395943
-3.42133562735 9.13352465509
-3.0077903525 8.81057249328
-2.57371400349 8.50575574267
-2.03973005378 8.3824266749
-1.49040644004 8.37358214641
-0.945744605884 8.44697409027
-0.426907166943 8.62520188484
0.0617823189714 8.85955189172
0.557312856124 9.07895707917
1.0688872713 9.28071990107
1.57636923444 9.49274879312
2.08033036123 9.71265924917
2.60213084339 9.88633840925
3.13588312984 10.0186739181
3.65706804004 10.1904842988
4.13543073667 10.4613304785
3.73050651886 10.1630034446
3.18967421693 10.0647491174
2.64100158197 10.0293282266
2.09104727629 10.0233603104
1.54163501752 10.0002609791
0.997956656769 10.0717900066
0.551376234551 10.3772671464
0.243755598828 10.8327921898
-0.0482217593187 11.2893848747
-0.414156173149 11.6858397072
-0.891045925001 11.9417990608
-1.38493027376 12.1810267084
-1.92792985566 12.267141487
-2.4658088351 12.3333278584
-3.00479402117 12.3901612441
-3.53443670207 12.5308773266
-3.96349965068 12.8547920483
-4.24927146712 13.3141618471
-4.47150870596 13.7836773576
-4.24149364383 13.3333565694
-4.01437883088 12.8347468758
-3.61281573988 12.4673959834
-3.08642837352 12.319426084
-2.53748711635 12.288286264
-1.98755715649 12.2815404189
-1.43982806331 12.3252308474
-0.913044614561 12.4506819968
-0.408938891955 12.6593640795
0.0815170037565 12.8992813404
0.568720177051 13.1367438976
1.08077549364 13.3349787808
1.62287423394 13.4200251137
2.16966697794 13.3645674255
2.71069388734 13.3340084029
3.25812956914 13.2810294193
3.80579708355 13.2306717435
4.3540871858 13.1881836361
4.90390012562 13.1824926416
5.45107957975 13.1305904217
5.99996374916 13.0972398826
6.54810026688 13.0543419928
7.07804594231 12.9623567501
7.59835972234 12.8617278056
8.1318096247 12.7281402825
8.53600313628 12.3998390315
8.49916976781 11.8523238358
8.50186671956 11.318639257
8.50558453921 10.7686809137
8.48856846184 10.2189484944
8.48207620242 9.66900218577
7.97172894905 9.70855861119
7.48053051196 9.95568425709
7.00564471933 10.2084110472
6.50766179579 10.4321787074
5.99208543092 10.5959015349
5.44450507898 10.6111654285
4.91682157743 10.4614481191
4.41759164423 10.2510714312
3.89676315118 10.0745426571
3.3979284618 9.91283078324
2.87776684227 9.7343052305
2.35446806207 9.56527382539
1.84370079863 9.38438059589
1.33519320067 9.19687764286
0.839528718949 8.96187455195
0.51511418555 8.54223079941
0.449708209469 7.99771512778
0.429192407649 7.44811253164
0.478353836764 6.91367628065
0.648535617705 6.40579535249
1.06920705712 6.06741849422
1.6028864176 5.93830442072
2.14989368393 5.90396148353
2.69774967533 5.86757662523
3.245420816 5.81729518366
3.78155583128 5.74024702953
4.28264676098 5.52297105966
4.74724533334 5.2286639836
5.20567671666 4.93957202905
5.67762888299 4.65717692917
6.14591337693 4.36875807708
6.61727395182 4.08536759205
7.07961170695 3.80263609776
7.56043195335 3.55294316335
8.04420220718 3.30885964731
8.51399052729 3.1263184299
