0.510874184324 0.172352626916
0.964812729606 0.468312366811
1.45341052879 0.720193067063
1.95085633655 0.934531221289
2.42056322175 1.22007032027
2.84507267437 1.54389861807
3.27728227062 1.8474925346
2.76496276612 1.89330369472
2.24368486753 2.06860349322
1.71076384203 2.20357004584
1.17304381779 2.31837099263
0.715051457415 2.59283141327
0.464980743138 3.07655663435
0.363113318083 3.60844880958
0.206797603938 4.13553183331
0.161144983067 4.6656710401
-0.265194255318 4.32717637034
-0.672908021775 3.95825011584
-1.06827145967 3.61407362745
-1.51042129149 3.30088206417
-1.99459886464 3.04124187416
-2.49931247742 2.84393772663
-3.01243109098 2.66945012844
-3.53337704222 2.5063983156
-3.99130798871 2.28903391266
-3.48862900129 2.39005535908
-2.99274523412 2.62765928579
-2.49952515143 2.85234686756
-1.99197404142 3.06404477135
-1.49603959015 3.28028888153
-1.11694594629 3.67069540819
-0.944968759975 4.1905304641
-0.848785147457 4.73190656296
-0.759112094288 5.27454417185
-0.658643529974 5.80704619421
-0.532864950441 6.3424007274
-0.370392650044 6.86719740578
-0.203433196578 7.39118462845
-0.0275640278976 7.91227761824
0.13416779599 8.43788499525
0.333264855958 8.94193998531
0.547451962067 9.43545543656
0.187800915105 9.06409067917
-0.301976130924 8.82284668318
-0.799743473678 8.59920538005
-1.32438555767 8.46750571444
-1.87254262382 8.4239978338
-2.41868802022 8.46800272904
-2.89393262861 8.7174315049
-3.24822317607 9.12583539795
-2.82944841684 8.79805238466
-2.34620537188 8.5462681696
-1.80934775549 8.4813716057
-1.25954626013 8.49064291931
-0.733079432784 8.61145399194
-0.221360747371 8.81273625345
0.269106695224 9.06132936561
0.780394089605 9.26152986157
1.2756986868 9.46102425664
1.78979726753 9.65533591111
2.32745490484 9.76605427644
2.86215927175 9.84832231233
3.39236879703 9.99433609752
3.89329724519 10.2172851659
4.35731115252 10.5125597546
4.78966088198 10.799285036
4.44248832571 10.4365143908
3.92260836283 10.2570844296
3.39636106718 10.0987199874
2.85215395204 10.0228104046
2.31054012488 10.0052183453
1.76138708599 9.97729392535
1.21213144265 9.97761974333
0.694723456471 10.1489589551
0.308702019718 10.5250082176
0.00869321618708 10.9856475432
-0.3047862209 11.4361977775
-0.745813163784 11.7454432187
-1.26817214668 11.9150083948
-1.79258871811 12.0807133791
-2.32437674699 12.1824296574
-2.86873373752 12.2605891226
-3.39234077905 12.382265734
-3.8561473317 12.6477349782
-4.17919486559 13.0778251773
-4.31882193056 13.607739064
-4.11888990482 13.1214477749
-3.84182244639 12.6632455655
-3.3657017272 12.3978912329
-2.821546244 12.3281061228
-2.27201536963 12.3066833403
-1.7223411086 12.3101973409
-1.17724357085 12.3808425823
-0.666805325451 12.5283782654
-0.176808357216 12.7504857262
0.314695413987 12.9882066747
0.806916477987 13.2144647392
1.34190078776 13.3368847598
1.89101100826 13.367119713
2.44065411849 13.3537996113
2.98991127172 13.3254350812
3.5396887122 13.3099016738
4.08941186588 13.3034246436
4.63639258367 13.2459952659
5.18528954234 13.2123799721
5.73475665514 13.2213619573
6.28392808518 13.2365444777
6.83368466391 13.2274331998
7.38355333661 13.2338959465
7.92601705364 13.3196742579
8.41500832524 13.4329787649
8.44614813329 12.9197463011
8.40981914992 12.3709590421
8.38515114488 11.8215644994
8.3753160955 11.2716959425
8.34696745678 10.72245681
8.32040504859 10.1731086886
8.30730735344 9.62329223215
8.30860610849 9.11225757699
7.98565381923 9.52591104389
7.54661365108 9.85711635139
7.08763479361 10.1599980092
6.61055387627 10.4333539011
6.09566879429 10.6223938821
5.54983331611 10.6782007557
5.01584109821 10.5577555413
4.52920082463 10.3391576732
4.03519941845 10.1171906564
3.52944252298 9.92260813864
3.0225509611 9.70990099969
2.49395232809 9.55922057113
1.96273013803 9.41709255547
1.45012559672 9.24133539674
0.964058727333 8.98820347173
0.644254660014 8.54893888309
0.538936076926 8.01157982245
0.545202812052 7.46179130491
0.63294192174 6.92878068184
0.890778581008 6.45626198077
1.3396402321 6.1543697499
1.86392947931 6.00677092164
2.40611214174 5.9145962578
2.93616823875 5.80151416346
3.46448589815 5.64982665736
3.97524076781 5.44646205497
4.46803123419 5.20226517444
4.94418655207 4.97978528824
5.49062741938 4.96410561216
6.03761481315 4.91013123517
6.54846615075 4.88367715168
7.06023028848 4.72432024353
7.53617370554 4.44879520508
