0.0329795344072 0.534657302834
-0.0566432198179 1.07708033258
-0.134337909878 1.62155572432
-0.231980521801 2.16279411561
-0.348100388135 2.70035287578
-0.473470358431 3.23586823267
-0.603972692824 3.76182971802
-0.756351090609 4.2395097421
-0.369806768752 3.91839712248
-0.0700979414344 3.45731943497
0.254169102824 3.01309290364
0.625749402488 2.60971684126
1.11677640785 2.37106405836
1.66306275202 2.31232103166
2.21192942665 2.27710504415
2.75904236924 2.22228692945
3.30096620521 2.12877784919
3.84247768088 2.03277660292
4.38086013004 1.92054989264
3.88754574879 2.07697623965
3.34330212169 2.15466847251
2.79525208649 2.19952803679
2.24829893071 2.25610750067
1.7071740725 2.35381946418
1.18308414499 2.49179055778
0.702475307314 2.74800679924
0.392642171326 3.18978668286
0.0413551014056 3.61220613407
-0.217519109488 4.07661218179
-0.38162901872 4.58875082985
-0.573975155901 5.09117208249
-0.773324023351 5.59517181482
-0.977607862709 6.10574812248
-1.21738472965 6.60058389196
-1.51741035184 7.0509689147
-1.85171424833 7.48770357058
-2.16302640138 7.89365185067
-1.64341368518 7.80754047263
-1.19998985723 7.4824340829
-0.724747902946 7.20613800605
-0.242688236152 6.94182102333
0.229939563275 6.66071460825
0.690927441661 6.37681707091
1.17589051071 6.12224266511
1.71534062856 6.0193831518
2.25018864065 5.93190755358
2.78312126618 5.8136981172
3.30728345284 5.66125713763
3.82780498176 5.4838209048
4.32742686574 5.27450078415
4.79281999652 4.99832039528
5.22913645631 4.66354867186
5.68117218695 4.35102976113
6.14343241944 4.05332111424
6.61416268513 3.76918179192
7.09592681203 3.50467011449
7.58531846295 3.25385570764
8.06293369901 2.99783554776
7.71030257794 3.40972054476
7.23251812645 3.68212428903
6.76386607417 3.96989618911
6.29586189278 4.25866521812
5.82262207562 4.53891526103
5.35094888395 4.82178524052
4.88645632225 5.10876055533
4.41593793076 5.38498022338
3.89551441851 5.56093851836
3.37425817816 5.70939695823
2.8423356993 5.84916814282
2.30779408905 5.97626005983
1.75966339405 6.01762809051
1.22151074452 6.07468448184
0.713696945309 6.25978452567
0.236434288996 6.51652240965
-0.244364745851 6.78327532106
-0.732361785585 7.03681025056
-1.20666536684 7.29906558864
-1.6748567188 7.58757978473
-2.13500230971 7.88881397276
-2.59773010548 8.18607729116
-2.95130022064 8.59492256405
-3.1335577019 9.11353765648
-3.29316866397 9.63149904332
-3.46396076091 10.1373334308
-3.64742452653 10.6473315566
-3.84492042245 11.1520372543
-4.05237119632 11.6614070559
-4.24251464739 12.1281952268
-4.25479432473 11.6019408189
-4.30647338073 11.0544033528
-4.35217715284 10.5063263446
-4.38580814104 9.95737151421
-4.42825962521 9.40903032433
-4.46146982953 8.86005903993
-4.49226405946 8.31093186217
-4.55587107789 7.76469858899
-4.59317707011 7.21600142689
-4.63614375435 6.67570895237
-4.69170122426 6.12852863625
-4.72806244095 5.57976327115
-4.7629541537 5.03088745369
-4.81117116574 4.48306785152
-4.85571761311 3.93493891887
-4.89080912775 3.38621696945
-4.95013360835 2.83944808969
-4.79242239799 3.35410678104
-4.7196064454 3.8992037428
-4.64073660649 4.44351375364
-4.55926736967 4.9874127641
-4.49375835919 5.53345621757
-4.41656493421 6.07794245398
-4.32397385111 6.62006858566
-4.21544466967 7.15924129646
-4.10595704366 7.69006472847
-4.0227397425 8.23356239304
-3.90126203665 8.76986671482
-3.76992034906 9.29570661105
-3.61623449533 9.8237417387
-3.46517218152 10.3525565653
-3.33242462502 10.8862177746
-3.08385137237 11.3734427588
-2.67464942047 11.7355727003
-2.19470426861 11.9865196346
-1.6896848225 12.1830792673
-1.1744505175 12.3748256716
-0.711022030911 12.6682965243
-0.316162887714 13.0389055706
0.114961340974 12.7463790219
0.233644262056 12.2096996862
0.353183091534 11.6730505857
0.391771942362 11.1247611821
0.505124375635 10.6035402831
0.880046261532 10.227843304
1.39524750592 10.0680918434
1.93931769002 9.9885780574
2.43813294902 9.85068359098
1.92336015593 9.92199244096
1.37925874051 10.000992603
1.87973446964 9.81392654793
2.41578406692 9.92140542816
2.95539541513 9.96926892437
3.46675526953 10.1396665982
3.8452567124 10.5276771838
3.98485249044 11.0565955115
4.28629435625 11.4764939214
4.77881863414 11.7199775674
5.11998954387 12.1239517836
5.23457319323 12.6533522894
5.7054686874 12.8220330643
6.0038843368 12.3601683944
6.30715200477 11.9014609655
6.6168188024 11.4470059487
6.92894114117 10.9991211307
7.25391761086 10.5804710692
7.63682245478 10.2423946176
8.03716173137 9.89628537489
8.39685170139 9.49735923435
