0.271244438337 0.469915159684
0.403756621829 0.995315342917
0.506612301086 1.52567294974
0.596502846333 2.05936458557
0.749790042836 2.55663006682
0.458551120643 2.98197646424
0.181840391458 3.44091939723
-0.0245621984262 3.94637986076
-0.235130019666 4.4457639117
-0.431785648556 4.94223297636
-0.494825891931 5.45544000082
-0.722208127325 5.93541539823
-0.997791579171 6.41138810328
-1.28249616908 6.87251593796
-1.49692762116 7.37347773676
-1.38834683618 7.88529562907
-0.969385387139 8.23853359172
-0.576412517345 8.62330871105
-0.257128819725 9.05851039529
-0.102003036812 9.58444517778
-0.0904180295434 10.1238538719
-0.112897786119 10.6652795495
-0.0942197341991 11.1760220177
-0.298395320227 11.6551060581
-0.651643589233 12.0594160418
-1.11778641067 12.2593191487
-1.52837387415 11.940951529
-2.07447133663 11.8766824077
-2.59738448675 11.7452552544
-2.98793438305 11.3716535627
-3.14770029095 10.8754716682
-3.29327747063 11.3860334924
-3.57723383243 11.8565390086
-3.83216091001 12.3438894244
-4.07908744271 12.8353205276
-4.29891205351 13.3306954401
-4.01757708083 12.9049180483
-3.64494033629 12.5095763653
-3.12550213727 12.3398132857
-2.57670580616 12.3098817452
-2.02684813401 12.3213838258
-1.47912073524 12.3691253372
-0.96721926525 12.4887906247
-0.453531089399 12.6840885807
0.0460669338429 12.9139707178
0.538706457934 13.1584921748
1.0407572788 13.3811759904
1.58116655055 13.47351087
2.13052920533 13.4547105114
2.64817349725 13.4001310258
3.18593755328 13.4165676777
3.70532127539 13.5705622895
4.24287191909 13.685785314
4.65004634277 13.3812754736
4.58354523626 12.8353289976
4.52071779152 12.2889319214
4.79243316378 11.863913638
5.33932977006 11.8057747945
5.88130644037 11.7145419902
6.41790615547 11.5940220876
6.95335392553 11.4683666812
7.48294582932 11.3207468205
7.98356729307 11.1594140313
8.29389881016 10.7638868624
8.40192539033 10.2246353757
8.54852055251 9.69466818478
8.01604866877 9.75378477369
7.5216771979 9.98544774717
7.03225803094 10.2088265141
6.5319612966 10.4372066966
6.00685428526 10.5971203692
5.46739770182 10.6160591949
4.94150564269 10.4612733028
4.44052908347 10.2343276309
3.95179035227 10.0192107084
3.43989607828 9.82963863402
2.9148478221 9.68001123621
2.38989627313 9.54539714842
1.86149396274 9.39340208425
1.33498208185 9.23516330307
0.827608933773 9.0236805682
0.337673879117 8.77378180191
-0.154041923432 8.52758296547
-0.644533401142 8.27881844807
-1.13500120461 8.02994781619
-1.62176544677 7.77398638536
-2.09146542358 7.50370495809
-2.56889713325 7.23065377976
-3.03930969118 6.94573401273
-3.45987899629 6.59381130158
-3.76508411809 6.16007389787
-3.98775660776 5.66628450444
-4.11111729759 5.14184888126
-4.38147507799 4.67399385211
-4.71654812697 4.25828288088
-4.65617802496 3.75612601958
-4.4302058924 3.27888548216
-4.02244753978 2.91006613632
-3.5881165932 2.57344972318
-3.09161433442 2.34041375647
-2.5614946482 2.19444176916
-2.02050370055 2.09701609658
-1.47966681013 2.02459358266
-0.949284092678 1.8952101313
-0.416021598641 1.76059888577
0.115837941356 1.62058815824
0.644270901751 1.46809227565
1.18220719736 1.35561722448
1.72712262637 1.28101069873
2.27319106217 1.21559499143
2.81782693672 1.13943352586
3.3611635867 1.05420721754
3.90558804294 0.976374470734
4.45307412343 0.924144940927
4.96855797293 0.882206106488
