-0.279695821922 0.417440005796
-0.77113662166 0.664309079385
-1.2336346732 0.946221459926
-1.67888591503 1.26900226486
-2.13845049344 1.57109889252
-2.58112476751 1.8837690853
-3.00566171454 2.20761435628
-2.63992688233 2.55905109605
-2.17142838102 2.84716118915
-1.69656337555 3.1246065452
-1.26013019081 3.45457131846
-1.03096852418 3.94818347864
-0.980754221831 4.49495307893
-0.992781112374 5.04429277405
-1.09230891384 5.58483175397
-0.809395445598 6.00445190542
-0.26132501624 5.95876184831
0.285406243325 5.89903115538
0.833326270935 5.85134673256
1.3812417959 5.80355701275
1.93022781743 5.77078074047
2.47971485873 5.74704297003
3.02918864305 5.72298968871
3.53278487112 5.70869516613
3.05116279169 5.919798195
2.50312449497 5.96554376036
1.96535253224 6.03310691671
1.43587320295 6.14461646629
0.981996943912 6.43158675725
0.689076539912 6.88481355932
0.497299227501 7.39840622912
0.436345630394 7.94414224917
0.545635783765 8.46163734842
0.896366377057 8.85498739202
1.33699442767 9.1171823637
0.828628687832 8.93941390474
0.300219401965 8.82692085999
-0.226699736142 8.66928487445
-0.755733516306 8.5189937328
-1.27794198654 8.37389804901
-1.81528639762 8.26032777083
-2.36480048168 8.25220511021
-2.90804510039 8.33377692014
-3.43286381748 8.49780327483
-3.94710017666 8.68075797954
-3.57848445755 9.07055800591
-3.52108549916 9.60912109244
-3.41951688427 10.1495463222
-3.31194386089 10.6888724679
-3.13393383836 11.2048079581
-2.74391667801 11.5879733933
-2.29627987111 11.8790122684
-1.82669132884 12.0645877397
-1.2877031398 12.0096114125
-0.761304805415 11.8561527267
-0.303577642893 11.5550374038
0.0401121707694 11.1379773643
0.302664078857 10.6639743419
0.643851662745 10.2380000465
1.13774449194 10.0264858347
1.68475344505 9.97965870336
2.23462602343 9.9732114263
2.78453181921 9.97065784111
3.32237857126 10.030451691
3.84266517781 10.2052697477
4.31070813025 10.4924793175
4.736003964 10.8151159862
5.14962000687 11.1528328766
4.81841061368 10.7670096346
4.35178661605 10.4760313974
3.87543428465 10.2014462299
3.37934168005 9.98323640464
2.87507716415 9.76365778159
2.36181636959 9.56643682509
1.84418613109 9.40579730723
1.342994542 9.2226714878
0.883587195784 8.92478431189
0.581076142011 8.47176071072
0.484984951352 7.93245415421
0.471559998278 7.38287765978
0.48990506132 6.84189478976
0.730352676621 6.35824992936
1.21089626139 6.10378179204
1.75463904219 6.02933833384
2.30314938905 5.98979805548
2.84703493214 5.90852866109
3.39150555647 5.83100309773
3.90155495537 5.71698804986
4.42944050689 5.5949328546
4.96318805403 5.64274673306
5.38439948721 5.91870658833
5.13406766788 5.46135416863
4.58671592953 5.42943703413
4.04180146803 5.50193268769
3.49993596574 5.59590614587
2.95689909795 5.68292544639
2.41540304374 5.77907830036
1.88679078628 5.92684677977
1.39605396579 6.13665022114
0.951147605851 6.45641836995
0.686825148267 6.93153285915
0.623466366157 7.476224604
0.620289182843 8.02615396206
0.555243516722 8.57068322406
0.498741050982 9.11641390701
0.486197196851 9.66623376696
0.445795824542 10.2147096385
0.400883696632 10.7628125299
0.382132203752 11.3124575285
0.358233266 11.8617254934
0.375576218799 12.4113726628
0.49994144975 12.9189473013
0.894145517318 13.2879474018
1.43336784997 13.3538775902
1.94642704377 13.2505826681
2.47637856776 13.3292371946
2.96606923771 13.511876592
3.51224340614 13.5738734149
4.06104374054 13.5961108531
4.61063832126 13.5841789959
5.16038532345 13.5838203047
5.71002977305 13.5640981748
6.25996165295 13.5591088624
6.79930201947 13.6096730512
7.34435545119 13.6813957534
7.89347075967 13.7123891202
8.43946955546 13.7773336048
8.91703546541 13.9548503348
8.69797803068 13.4850429099
8.19882621958 13.2719565617
7.76510194197 12.9406212358
7.31512556087 12.6313994652
6.86617469266 12.3137518338
6.41304763906 12.0020461946
5.95288403786 11.7008300294
5.5006436926 11.3879461369
5.05234612703 11.069342349
4.60772436136 10.7456028318
4.15984302233 10.4263909017
3.70475263048 10.1189319018
3.19851771385 9.90428801517
2.69814373658 9.69604308628
2.19186118348 9.50350731579
1.67587352141 9.33764227883
1.17488735986 9.13375074363
0.794779377311 8.75728747664
0.581769186826 8.25106517279
0.47944443877 7.71137176069
0.463455605374 7.16226084507
0.628457009752 6.65336278025
1.02665382774 6.28099264335
1.55003080385 6.12559188661
2.09736693384 6.07268949754
2.63863692071 5.97569673756
3.16731647828 5.8562816432
3.68581391609 5.67576599717
4.18292219323 5.45042862376
4.66306197897 5.19064888641
5.12548898489 4.90871231302
5.56748023887 4.58153610911
6.03409940805 4.29054593214
6.50479858246 4.00606681062
6.97074266484 3.72924279309
7.44219877849 3.44602802101
7.92347069242 3.1799939352
8.39610282837 2.9148748428
