0.50837948338 0.168548488951
0.959508638109 0.458569880331
1.43187126981 0.72431081386
1.90789409931 0.983434885265
2.3833660842 1.25128564595
2.87572315646 1.48638681359
3.34424737234 1.76664771192
2.94528904999 2.1257802137
2.39597591546 2.15069385883
1.84987391253 2.21576483935
1.31475923841 2.30076409808
0.808439835748 2.48776524361
0.431880102863 2.86920148147
0.126479069442 3.32638089801
-0.112990077884 3.81992798151
-0.29747697877 4.33803776504
-0.489003957209 4.82779296626
-0.665833289406 4.3269664249
-0.939487966845 3.84991720743
-1.28838979575 3.42894245142
-1.75471538382 3.15518305729
-2.26179999364 2.94225769134
-2.77545745171 2.7457477087
-3.30598644707 2.6133993125
-3.8524726523 2.55363507701
-4.36950506731 2.39079962474
-3.87087771861 2.46668025964
-3.38100960163 2.67518022995
-2.87614993282 2.87152752586
-2.35167202155 3.0080726182
-1.82217347242 3.15645359381
-1.34664701121 3.40897260416
-1.03402023736 3.85512317842
-0.874297976112 4.37673808664
-0.721849253916 4.90085453905
-0.578333152405 5.43161862179
-0.418421965519 5.9577117133
-0.257866856538 6.48375130024
-0.0866772083224 6.9979815382
0.101119026701 7.50633821345
0.312750420182 8.01396891547
0.50636382285 8.51152575972
0.742496175 9.00796131547
0.61639889097 8.49031533978
0.510918729278 7.95347689574
0.501175871587 7.40360393652
0.571800184918 6.8600760112
0.857098049261 6.40567849424
1.34399774023 6.16250804168
1.88593079355 6.07100859674
2.426705645 5.97169789837
2.96139306087 5.84345407101
3.47729893819 5.65409968634
3.95130771561 5.455587878
3.46798911327 5.62102824371
2.93005888991 5.72876033979
2.39940014945 5.87326225374
1.86797540927 6.01469998268
1.35744012423 6.19607248269
0.869507054206 6.4317279047
0.394844955697 6.70933735715
-0.0773204795362 6.99097221022
-0.54511410552 7.28017048204
-1.00877839385 7.56084040425
-1.47208997177 7.83427377296
-1.97003446285 8.05769323757
-2.44835330959 8.32878810852
-2.91324922513 8.59145518436
-3.37901159648 8.883852462
-3.77802235121 9.20485158919
-3.30714538886 9.00565407239
-2.88070639572 8.68493106243
-2.401469079 8.46018823355
-1.860536203 8.37127083684
-1.3132351456 8.41448854137
-0.780021960707 8.54721671223
-0.272055998937 8.73611759103
0.22080757453 8.96128613344
0.716846401274 9.17963301322
1.21899594464 9.40390402362
1.72080074928 9.58645961466
2.23317572203 9.78625927009
2.76188478204 9.93650857818
3.29633757144 10.0652065539
3.77920322332 10.3066451482
4.19334558136 10.6674660368
4.56705032383 11.0544766103
4.28745469428 10.6079556452
3.82389026928 10.3122382679
3.31321983874 10.1131873058
2.76785926679 10.0518791139
2.21786962512 10.054937755
1.667946472 10.0478917332
1.12721519974 10.0793732264
0.62573227627 10.2873980859
0.265510344645 10.6999900851
-0.0302140049222 11.1636815695
-0.381023151167 11.5748031558
-0.852584887257 11.8343332056
-1.3584187303 12.0386745631
-1.83028563943 12.261134281
-2.36490153197 12.3784003711
-2.9148343061 12.3795637775
-3.45181541699 12.4860659951
-3.9111001095 12.7810391588
-4.24378899809 13.2078159791
-4.54769664255 13.6565696542
-4.2178713566 13.2394424671
-3.95365000049 12.7879612015
-3.50905739558 12.487245821
-2.97105184543 12.3822089939
-2.42325928952 12.3334803958
-1.87596926564 12.2798299036
-1.33605519713 12.3099182274
-0.804164800559 12.44836023
-0.294413079554 12.6322672517
0.197842671214 12.873181065
0.639114613068 13.1736018846
1.13584215372 13.4075068429
1.67204368884 13.5257864325
2.22010963605 13.5678747342
2.76903233538 13.5354187284
3.31825109451 13.5063202478
3.86762882737 13.4801648156
4.41700656024 13.4540093835
4.9662746333 13.4256461482
5.51585620833 13.4049605443
6.06436898216 13.3656763944
6.61258449369 13.3216650936
7.1621321741 13.3170814976
7.70703073995 13.3890817442
8.23946884438 13.5257061649
8.34238216624 13.0237450757
8.25588366912 12.4809456646
8.20252888142 11.9335552313
8.13138942479 11.3882970347
8.06609925648 10.8423218312
8.0122011705 10.2949907949
7.94585090534 9.74901548039
7.46469622364 9.97978861437
6.96759046551 10.2148393368
6.47048591589 10.4306078583
5.94674400058 10.5961669425
5.39927728346 10.618452617
4.86654645003 10.4881494935
4.35948119598 10.2752141945
3.85933332868 10.0885754856
3.33990835737 9.90775858414
2.82727382289 9.73213572875
2.30559922586 9.55822494543
1.79055044916 9.41734316495
1.27710463779 9.24423261946
0.816450160961 8.95125298162
0.529847650818 8.48624655786
0.411283529093 7.95051113226
0.37026920234 7.40217712703
0.439450628244 6.86720826292
0.744497137575 6.41993215135
1.243217045 6.198734905
1.78990541558 6.14399716805
2.33180893984 6.05116064119
2.86927578971 5.93485474986
3.38127706517 5.79809853871
3.88609152802 5.59145056513
4.37029831683 5.34874666476
4.87918578022 5.14027682798
5.3730549756 4.91709812547
5.87085156937 4.70321503473
6.38479734332 4.50745841998
6.89645481257 4.30570258902
7.41429606069 4.12051327431
7.92621086578 3.9425409598
8.41025265421 3.79133070977
