-0.31969957308 0.428234029986
-0.809527669964 0.67820244756
-1.28537650533 0.953853326848
-1.75329328786 1.24289170275
-2.20335119197 1.54451258588
-2.6204554523 1.89040436275
-3.01315384054 2.23534685075
-2.60472168785 2.5445545528
-2.14390526396 2.84467430554
-1.68795242729 3.12251655945
-1.25001374138 3.45224634016
-0.923388361484 3.89355828608
-0.643086921461 4.36676927801
-0.363617579916 4.84043425108
-0.0886377960716 5.30738029521
0.137724950207 4.84301839711
0.169140024817 4.30213761074
0.23589192201 3.75626780805
0.312311274616 3.21184789795
0.545577846703 2.71889529494
0.935235191567 2.34290063339
1.42452402338 2.11988268169
1.97113355402 2.0701096092
2.52063608775 2.08698544613
3.06942212933 2.10972909495
3.6163375501 2.05262663676
3.10515287187 2.22046924069
2.55597701947 2.22993147807
2.00611385934 2.24108025678
1.46068533275 2.30766670903
0.935966800251 2.47044967906
0.486587441102 2.77960195526
0.218688201334 3.24737595425
0.0297502371628 3.75535595781
-0.153716376368 4.2653408448
-0.334398666267 4.77631752641
-0.533422953807 5.28903216706
-0.734335162556 5.7924081801
-0.977964027766 6.2848187457
-1.37454447918 6.65738109512
-1.89836298704 6.80601626134
-2.44824212843 6.81440796726
-2.98235347561 6.89828516073
-3.46998780072 7.08907768655
-3.06546151212 7.45886566694
-2.57428626874 7.70633881269
-2.10104435593 7.96217365168
-1.62222919189 8.20746745399
-1.1272442398 8.44696220051
-0.620436650482 8.66050319144
-0.127550281069 8.88594943815
0.367042645335 9.10761113166
0.872803851127 9.32368121132
1.36690042982 9.52596410997
1.16139773257 10.0089732879
0.69447419591 10.2812617554
0.393945371111 10.7333930302
0.314467786125 11.2750338685
0.324099718889 11.8248467485
0.337597632645 12.3741702015
0.337247445839 11.8302777881
0.300786328753 11.2814886656
0.297394323053 10.7410453529
0.546915453328 10.2618761607
1.02522456975 10.0018455704
1.56905890604 9.92569061592
2.11869221931 9.90621698258
2.66827798703 9.88600764011
3.20696007978 9.93137975841
3.71230148035 10.1421888064
4.14077588413 10.4733702051
4.54994003599 10.8214086225
4.94947717412 11.1775629949
4.59096315922 11.5890816412
4.32593532835 12.0709974102
4.04790701709 12.5361722421
3.68864103767 12.9493043726
3.19546054423 13.1829795306
2.6508426602 13.2563912298
2.12299799328 13.3254799499
1.57948613283 13.4094750109
1.0312548393 13.4063531849
0.518658966832 13.2602924914
0.0257708466068 13.0174535002
-0.451384738356 12.7604617129
-0.938061838633 12.5225342194
-1.45880624823 12.3762657158
-2.00741020318 12.3473860296
-2.55734868699 12.3399274112
-3.10723745129 12.3356262206
-3.64429235346 12.4053088286
-4.14834333022 12.5347209392
-3.99995474136 12.0307509052
-3.8980608463 11.4907781311
-3.76436033071 10.957294004
-3.6042265737 10.4312763255
-3.42809945813 9.91873236489
-3.24141787637 9.4099082934
-3.0052006743 8.93433706412
-2.64060278879 8.53596653471
-2.18469168971 8.22885974676
-1.71640660759 7.94044165776
-1.25681224691 7.63834064195
-0.785368796497 7.3552699784
-0.320706332619 7.0689496664
0.126194412109 6.75528609255
0.591542351807 6.46224897879
1.08044324188 6.23134597117
1.61668441007 6.11015585891
2.14882772643 5.97285152645
2.69247990011 5.88976974632
3.22758500214 5.76473610314
3.74973675526 5.59199289058
4.23541573476 5.35641627184
4.61453279702 4.97317982627
4.27806291124 5.37245702097
3.74569145577 5.50539281017
3.23444880576 5.70287469221
2.70370696658 5.84232851708
2.16142609717 5.93396354775
1.6324125345 6.05170192569
1.1832751645 6.34758259413
0.693812691975 6.68202860676
0.478652497876 7.18290705513
0.549465523196 7.7197054374
0.631902515594 8.26339730282
0.847779973849 8.75897485865
1.23913681468 9.13813080798
1.7076164163 9.40742159292
2.21861055427 9.61080100565
2.72809666608 9.8175449201
3.24861101878 9.99504571038
3.7817344666 10.1224926065
4.32679617026 10.1956538296
4.85990618037 10.3298172909
5.39163114 10.469816706
5.9382813419 10.504748516
6.45574456364 10.3278637371
6.92020457803 10.0337079614
7.36143407752 9.7061401524
7.73960524662 9.33713855618
8.2449196376 9.35666945621
8.32255886498 9.90101250167
8.42699491145 10.4409816652
8.54408463154 10.9701398475
8.68321170405 11.502242259
8.81821773075 12.0352180761
8.87241534501 12.5820052925
8.88580761751 13.1317925471
8.93104359411 13.6420128641
8.52288305539 13.2999226922
8.05512044127 13.0276067576
7.59823195667 12.721938207
7.13716437696 12.4221924669
6.6717462486 12.1291602067
6.20711390086 11.8348812285
5.74478443595 11.5445123656
5.29919491441 11.2290428196
4.8517174259 10.9232808052
4.40421291615 10.6176376448
3.9452993423 10.3292773981
3.46178384312 10.0680722106
2.95956780709 9.84385742054
2.46719632832 9.63732624113
1.9466334404 9.45994185739
1.43795527532 9.27302774223
0.962911207334 9.00133299357
0.669229557935 8.54571190097
0.602552407168 8.00171079547
0.561363698306 7.46141112765
0.589120403096 6.91499224211
0.872133361677 6.46387249764
1.35360608271 6.22213542598
1.88819234825 6.09425401449
2.43291781037 6.01851505283
2.96685335546 5.92679600099
3.49429409033 5.77197247334
3.9807374374 5.53332335082
4.46847828923 5.29723277935
4.94721700923 5.02653803626
5.41058706408 4.74542483415
5.88418703344 4.46578591017
6.34885311831 4.1868165529
6.82357625363 3.92536040757
7.30915129452 3.66712251579
7.79019683357 3.4364285282
8.28972793056 3.25277522652
