0.282326403676 0.433075945133
0.414102565254 0.966953656312
0.579311926357 1.48313294007
0.776694105598 1.98757462947
1.25379508673 2.21345469348
1.80375821323 2.21954223186
2.35375597003 2.21962992763
2.85375438246 2.2183699409
3.36012844167 2.21228754221
3.89725993748 2.16579985427
4.43311845525 2.08601853195
4.97729103876 2.00639183129
5.52118565013 1.92669667457
5.85468599257 2.33846418107
5.92168580367 2.88138108419
6.13260171902 3.38871852649
6.38072818933 3.87955414461
6.70220604921 4.27053590757
7.21079362609 4.47894802957
7.71780130166 4.69171457636
8.21287036128 4.92778286362
7.85439902929 5.28236264621
7.30449221673 5.2920827849
6.75450108426 5.29520595622
6.20460488778 5.30548631013
5.65471985555 5.31650341455
5.105461251 5.33950240792
4.57326105295 5.43760883267
4.05502425235 5.62117139096
3.54524330765 5.80510527534
3.06240263368 5.98865887688
2.56961426626 5.88745324902
2.02716879138 5.97576894714
1.48525506146 6.06821067305
0.938895176676 6.13116478975
0.395194433579 6.21308721011
-0.136165167082 6.33789164288
-0.645023012019 6.30239279065
-1.15287532535 6.37414161239
-1.53827199709 6.75091972626
-1.92898773307 7.1234094619
-2.36379169908 7.44017463922
-2.79405446001 7.76310204341
-3.23492273861 8.09190803122
-3.66024685379 8.42784277797
-3.89707205277 8.9149364497
-4.0127908441 9.44329251782
-4.14501958551 9.97711241731
-4.29307678645 10.481714846
-3.91916909896 10.8345530959
-3.48182739811 11.1408660368
-3.0266681367 11.4491958519
-2.57866066635 11.718489293
-2.0628841465 11.9013495251
-1.55247371529 12.1044877289
-1.06910472312 12.366582141
-0.619960978611 12.5929870152
-0.180729572697 12.9146899629
0.211524761578 13.2521275781
-0.0338119021988 13.7145605835
0.509377598804 13.7526413832
1.05865310412 13.7270870412
1.60840789331 13.7123621292
2.15398146884 13.6461634514
2.68652073371 13.5095683486
3.16197713688 13.2709520389
3.59731752258 12.9809308477
3.79117746632 12.5141779257
3.76193650675 11.9658209376
3.76772778484 11.4199947646
3.8344330923 10.9047899924
3.77856841926 10.3828543733
4.26719972361 10.1810332952
4.77422704533 10.3721100847
5.29551993509 10.5194466977
5.84169027365 10.5697913535
6.38002729895 10.466993796
6.87506951176 10.230363688
7.2922928019 9.92954498676
7.65895758512 9.56730908951
7.90536074799 9.08736208679
8.08009206076 9.59966916524
8.1647827088 10.1430069971
8.29120307391 10.6782342487
8.41311938196 11.2063300886
8.54157800095 11.7410327329
8.69881655329 12.2680671204
8.81297915067 12.8053493436
8.84946057499 13.3539909108
8.9494018891 13.8459792929
8.63415459259 13.454640254
8.16561716909 13.1836093818
7.70784358301 12.8787694701
7.25155519482 12.5717764171
6.80146413099 12.2556893889
6.3350515306 11.9798084944
5.88753605176 11.6742143313
5.42971988584 11.369421875
4.96866410522 11.0695540382
4.5114434927 10.7638935634
4.05692153139 10.4542128547
3.59402722303 10.1727341756
3.10896548132 9.94025699227
2.61550812386 9.74695277194
2.10473144341 9.56576253468
1.58274084651 9.39255777247
1.07276689081 9.18824652221
0.656624228367 8.84840639666
0.439703752061 8.34639575091
0.327926061257 7.80790858188
0.194805090289 7.27429254281
0.0488591757162 6.74405288233
-0.108731938863 6.21711665944
-0.269125074559 5.69940234594
-0.434047868183 5.18311586079
-0.625146084762 4.68463629259
-0.839821084467 4.18700371956
-1.12046363271 3.71668998327
-1.551432751 3.3916298008
-2.03844600158 3.15453898415
-2.53574225763 2.94927132476
-3.04043154136 2.74096680055
-3.55863167576 2.55749448327
-4.03765427705 2.30676779594
-4.29231092088 1.8629841768
-4.64311384983 1.46668250282
