0.0223183041083 0.534848293515
-0.0584737076661 1.07051213269
-0.136059680938 1.61496947113
-0.22497432138 2.1576215934
-0.34397901069 2.69457648426
-0.471808288841 3.22951352435
-0.610755660179 3.76161856173
-0.751989765958 4.24276764676
-0.336231908859 3.91974585019
-0.0508689772043 3.47035479514
0.259865155825 3.01661788703
0.61966985904 2.6265177882
1.09540484345 2.37219968236
1.63613406526 2.27761724104
2.18452919759 2.23598237862
2.73079057159 2.17351396636
3.27127109402 2.07190736977
3.80900221032 1.95689859559
4.32321125303 1.80158561641
3.82805922331 1.94128695222
3.28601859764 2.03368687854
2.74415550281 2.12731984049
2.19691936799 2.1815427601
1.64931939307 2.23273450338
1.11161771927 2.3003937537
0.611125331691 2.49624264649
0.28781443135 2.92885189821
0.228823444854 3.47320042644
0.239413831712 4.02303482556
0.252526204489 4.57266962778
0.25364355237 5.12253521964
0.284323877392 5.67166191301
0.300386980879 6.22141975854
0.347439114157 6.76929604244
0.391453476376 7.31748097266
0.418034685772 7.86683084685
0.455647429939 8.4155107426
0.438201042801 7.91472915914
0.298132973711 7.38288019671
0.153431402096 6.86060619815
-0.000217728362488 6.33256233576
-0.155185805138 5.80488307062
-0.331232269528 5.28385360937
-0.515343620841 4.7742006865
-0.747726827838 4.27577222798
-1.00256746256 3.78865761484
-1.35172676065 3.36566128023
-1.81084444579 3.067101709
-2.30677993111 2.82933139882
-2.80581632729 2.59824501136
-3.27576062089 2.32984887195
-3.75926895486 2.06829882016
-4.25184334316 1.82361855283
-4.71879253837 1.59959799171
-4.21587985901 1.76522034133
-3.7563242717 2.0366048777
-3.27398033655 2.30074723026
-2.80005485715 2.57983834034
-2.3195993473 2.84750677853
-1.83143867065 3.10079508827
-1.37316364455 3.38698491339
-1.06757749665 3.82940200278
-0.899040664731 4.35214253726
-0.776746838446 4.88836484068
-0.62790603137 5.40936419845
-0.462258548568 5.93377895037
-0.315030210607 6.4595343529
-0.146860224068 6.97015743884
0.0548506421176 7.4628519588
0.277905713313 7.95644213959
0.517628019284 8.44249208557
0.835491826833 8.87962208629
1.25874487229 9.22846515311
1.74082822638 9.4911500419
2.24734520546 9.68385678652
2.75556752797 9.87213133649
3.27574591867 10.0507008595
3.76103448099 10.3053165883
4.1299512711 10.6459898307
3.89239083795 10.1939315082
3.39433172394 9.98041223251
2.8984120757 9.76173421606
2.39062391439 9.57315934135
1.86622665443 9.40735395693
1.36612959519 9.22083309561
0.919702432055 8.92044269014
0.683979795109 8.43038387479
0.589638343623 7.88892253679
0.565412532323 7.33970652841
0.648335801349 6.80628760878
0.943751608831 6.35184101246
1.44386517033 6.13769643107
1.98768959116 6.05614537924
2.52540666074 5.94481147848
3.0616429423 5.82282337522
3.59189201107 5.67760163601
4.10706017466 5.48529336676
4.62935789508 5.315002525
5.17311508071 5.2343137427
5.72123594125 5.22772304244
6.26892000312 5.24127918778
6.81708033885 5.19683176876
7.36539577331 5.1543782794
6.87213716181 5.24644135441
6.32482490961 5.29370584362
5.77488006111 5.29964269058
5.2269034076 5.3369728124
4.69222337154 5.42566474201
4.15473022284 5.5414275703
3.6315235238 5.68286660995
3.09812086363 5.8149661702
2.55217429181 5.88105080781
2.01549055466 5.99954429615
1.48415125791 6.14142570793
0.985323651369 6.36782187005
0.630705314598 6.76989461599
0.497144229159 7.29990277315
0.525312310854 7.84837349645
0.625485845787 8.38808315955
0.909063825791 8.85371669905
1.33007626676 9.19060134318
1.8265282211 9.40769663008
2.32923627327 9.63080028414
2.83613353443 9.84413341923
3.35059586595 10.0143840081
3.85174142538 10.2401332791
4.33184003065 10.49152808
4.79064813904 10.7798914964
5.26327009848 11.0610994969
5.72870123959 11.3540723277
6.19071002683 11.637450348
6.6600359699 11.9241685388
7.11670820068 12.2306548775
7.57350906069 12.5369739936
7.99554522565 12.8438910893
7.69751957495 12.4417832336
7.21592848914 12.1764547955
6.76148893427 11.8811769329
6.29564031849 11.6044822235
5.82336486376 11.322766452
5.34789085617 11.0464482579
4.88140575221 10.7551481566
4.4190693078 10.4647396984
3.94449686141 10.194802835
3.46350891823 9.94503137056
2.95721520559 9.75572042137
2.43085946977 9.64554155662
1.8979068182 9.52781017431
1.39258815697 9.31396303283
0.903021820383 9.08197780913
0.397977545778 8.86426105077
-0.118884866712 8.6764997908
-0.653696474359 8.5521409259
-1.20308783907 8.53124653423
-1.75281879417 8.5163401456
-2.30243459177 8.53595148458
-2.85197667789 8.55819328954
-3.4016843666 8.5761225108
-3.94033680728 8.6297921176
-3.4126941538 8.64628232763
-2.86723571097 8.57579957422
-2.32220865554 8.50208234921
-1.77343355507 8.47438973756
-1.22720589165 8.534064778
-0.696190281439 8.67402424674
-0.196997090008 8.88500612548
0.30655207717 9.10619525255
0.802735841921 9.303485338
1.31190422367 9.51139407222
1.82087122299 9.71899859426
2.35518653244 9.84873061488
2.88888080633 9.98134550243
3.41423902363 10.1377891176
3.79098143319 10.5014882737
3.88107424636 11.0378727319
3.87000752054 11.5877264825
3.84621902623 12.136975267
3.77039718591 12.6806487049
3.48544607662 13.1446988077
3.03725845939 13.429246953
2.51052690677 13.5529920401
1.99252342038 13.4289068765
1.46384240764 13.3706512227
0.915563980494 13.3948763121
0.384036535275 13.2616221783
-0.103663205022 13.0083795689
-0.575697633004 12.742473335
-1.08267768452 12.5295659252
-1.60296028715 12.3515617007
-2.14075593795 12.239494664
-2.69025515383 12.2232547085
-3.23832767056 12.2596574022
-3.73503662273 12.46573713
-4.15086381933 12.8233961576
-4.4562107305 13.2363999016
