-0.0427204513419 0.499866556384
-0.274778317394 0.989208215476
-0.495567108108 1.49293143888
-0.717659240891 1.98733224694
-0.962060640269 2.47993649697
-1.23744059754 2.93728808333
-0.969564311888 3.36986486471
-0.657047265031 3.81257512315
-0.317555939311 4.22991578408
0.0231356377577 4.65648741292
0.357616761626 5.09307107309
0.658240483013 5.51685024443
0.35679575687 5.08471919897
-0.0429036264048 4.71245803084
-0.393512738309 4.28896914523
-0.761780476899 3.88591626793
-1.159910569 3.50729273846
-1.6508182223 3.26908916286
-2.19548948877 3.19955381135
-2.74268052271 3.24801948355
-3.2758895044 3.37711502817
-3.69425345746 3.71997400438
-3.90872249987 4.17711607624
-3.65011447764 3.73184838431
-3.97841031671 4.15059117248
-3.9422209919 4.69936311311
-3.91253858416 5.24854313857
-3.88706418232 5.79788422674
-3.78346516201 6.32893466823
-3.44138039514 6.74382160638
-3.08842984216 7.14890124925
-2.69404568544 7.50965890017
-2.19893341267 7.74888217461
-1.72220837954 8.02313971557
-1.25173739127 8.29223176789
-0.763097847392 8.54457482416
-0.355154360989 8.90776805989
-0.121281390089 9.40141936281
-0.0758839322761 9.9441908582
-0.127304021456 9.4432429948
-0.354560550819 8.94595076769
-0.778848958515 8.60390965649
-1.30756178158 8.46182026646
-1.85683846574 8.44028660623
-2.39419251744 8.49784488011
-2.86275743711 8.76851443677
-3.09110676918 9.26314222661
-3.19753477139 9.79440281378
-3.26807154579 10.327650584
-3.27677144207 10.8530469079
-3.24199594185 11.3745743043
-2.80983845943 11.6940759014
-2.28457819365 11.8512660827
-1.74051903094 11.9313025804
-1.2369097754 11.9449800909
-0.72640429988 11.78054781
-0.278115498449 11.4658206925
0.070769278042 11.0415844162
0.360265279298 10.5836827002
0.737400306971 10.1905654539
1.25865715795 10.0277420046
1.80788366385 10.0046831199
2.35699207763 9.97383031334
2.90600349093 9.99051255488
3.43814521255 10.1223141029
3.90890566689 10.4040489249
3.84042258053 10.9095857446
4.01000350891 11.3803633022
3.96556994132 11.9282330203
3.92396897256 12.4600999803
3.70569022223 12.9453670111
3.28760330396 13.2803329001
2.83638224415 13.5796329627
3.32962558495 13.36003801
3.76869259024 13.0355966733
4.18801345072 12.6861214918
4.57286776682 12.3050460151
4.91868472319 11.898327912
5.31454495139 11.5231577658
5.71589597761 11.1589077272
6.11725581218 10.7946894954
6.55996979717 10.4692285972
7.00919308961 10.1519085235
7.39456018635 9.77363871559
7.76265649874 10.152444907
7.85698003404 10.6942630944
7.96606696198 11.2332776711
8.09323346262 11.768365471
8.22621009587 12.3020396084
8.38411205086 12.8204478359
8.58565023259 13.3233916222
8.10041124198 13.1806013115
7.66441277282 12.8590199791
7.21186940717 12.5609150979
6.76036077576 12.2539278567
6.31011000797 11.9522150282
5.8562779224 11.6486581163
5.40444466957 11.3493111146
4.95250374205 11.0358951887
4.49941283005 10.7241156578
4.04975973475 10.4074187772
3.5761883582 10.128737985
3.07575661573 9.91060386591
2.5759187601 9.71161806348
2.07009653644 9.5061007975
1.55615929601 9.3341688275
1.04614476415 9.13074063102
0.680480624534 8.73232976441
0.557938293857 8.19944899138
0.556201000278 7.65355824175
0.547120833099 7.10392851762
0.70813302486 6.58363133399
1.10396748963 6.22592822324
1.6351611577 6.08888310202
2.17611166923 5.98957604442
2.71558481111 5.88252839044
3.24921377352 5.74971881905
3.77471850242 5.58760135743
4.29203031031 5.40137224555
4.80505462154 5.20348904072
5.30035462153 5.0504383777
5.78668801547 4.87403860029
6.08477956369 4.41677349583
6.43245406928 3.99117591349
6.77815792368 3.58945800259
6.67164891346 3.08159357592
6.20579028636 2.78956143849
5.77560702529 2.44906230023
5.5132748535 1.97177691236
5.43083490638 1.42875617846
5.36829974022 0.882333441484
