0.0127227610973 0.534327218276
-0.217496516275 1.02498208351
-0.464578416542 1.51634776202
-0.707989455461 2.00955130671
-0.956636751281 2.50004830903
-1.21203386682 2.94332443675
-0.967732523388 3.39718337496
-0.729907715428 3.88403014712
-0.463625631298 4.36525970286
-0.186818111016 4.84051094872
0.104614400283 5.30679556699
0.405178515313 5.7333816169
0.265615651356 5.21955705773
-0.0955908045216 4.8155814769
-0.451399669932 4.39621786679
-0.816221836063 3.99546206994
-1.19503503061 3.60890433075
-1.67271966516 3.36049934238
-2.21501410194 3.2743652089
-2.76411842735 3.28181066591
-3.29070242687 3.43079958856
-3.67742848028 3.80186786885
-3.3293518814 3.43537081692
-2.84807045429 3.18322986025
-2.31429665273 3.09011053087
-1.77086670562 3.00549673405
-1.22952015056 2.90917387637
-0.697374906129 2.80708724475
-0.15660984577 2.70680477546
0.380100950177 2.5871557494
0.90309617886 2.44520585063
1.43637400019 2.31252797807
1.96972264535 2.2161772629
2.50951062965 2.11072321901
3.04525523754 1.98654462119
3.57831218 1.85110426101
4.08816398347 1.69871579341
3.64999725591 1.96472031165
3.10622535448 2.04715418798
2.56341783292 2.13572302058
2.02530968508 2.24846371864
1.4940448263 2.37422256861
0.994025988791 2.5458730328
0.598355869469 2.91873054114
0.367638148845 3.39740372282
0.178219462939 3.90520665598
-0.0113949967768 4.41295599591
-0.24978677638 4.90739870265
-0.510953377823 5.39143152554
-0.77524358925 5.87371766311
-1.09162526121 6.32289922102
-1.52049166111 6.64712782348
-2.05007988339 6.72932155703
-1.51781417404 6.78307150029
-0.972837936968 6.712600614
-0.438451166539 6.58335423385
0.0922770990627 6.43907593135
0.614122213176 6.26548770697
1.14061357169 6.1069864369
1.68213325998 6.01278949072
2.21740544961 5.92784214574
2.75592256025 5.81621990951
3.2909259248 5.68888245321
3.80646397751 5.49945224169
4.22710860067 5.16598789456
4.6691285045 4.90294965885
4.46529741925 5.36894773755
3.95150488833 5.55203679935
3.41033830487 5.64554664646
2.87387943232 5.76298124309
2.35101912999 5.93343103435
1.82379218193 6.08991774743
1.32728680552 6.32091770055
0.988651239649 6.7362824933
0.705586490904 7.2078380648
0.508373250566 7.71872857353
0.490882470381 8.2655211261
0.687811152163 8.77457173864
1.08283293778 9.13993197283
1.5383945097 9.43353983887
1.66622854911 9.91936593952
1.15861050856 9.89818722105
0.815591877172 9.47660454726
0.58809530299 8.97596715377
0.411298876628 8.45537304587
0.241709183022 7.94066840526
0.00695395471389 7.45286527797
-0.298728486564 6.99587797874
-0.69748940233 6.65138764401
-1.12278722974 6.97930624415
-1.50609488103 7.3588623325
-1.90610993729 7.73612213104
-2.29525018964 8.11332030436
-2.65603354355 8.51715498565
-2.99829837493 8.94766381812
-3.32796579357 9.38786299814
-3.65060801668 9.83325539226
-3.97360717227 10.2734403955
-4.33926397241 10.645706574
-3.92643858677 10.9823006602
-3.48379181304 11.2949130582
-3.01570037579 11.5831204132
-2.51069499964 11.7993216345
-2.034544736 12.0728803406
-1.52091418047 12.2450522071
-1.01620035779 12.4401828557
-0.567987425761 12.7565740025
-0.16994373934 13.1359988012
0.212936245647 13.5307701489
0.368667436459 13.0478337222
0.341898060228 12.4987387687
0.302177932794 11.9502092733
0.287038686729 11.400433764
0.31415649108 10.8516005636
0.523199676642 10.3591592912
0.986739667513 10.0772245761
1.53112505732 10.0117183507
2.08060721543 9.98919843531
2.62979159066 9.96509311125
3.16771937243 10.0263697809
3.69117444631 10.1915928275
4.1713654565 10.4590646786
4.64004684564 10.7468592472
5.10417449114 11.0418778577
4.88639407674 11.4981862931
4.50940172097 11.8875577749
4.15017836272 12.2518223249
4.59567859582 12.0071087071
5.02835560874 11.6681814712
5.48475357517 11.3613028245
5.92497593717 11.0317041716
6.37679143225 10.7181408045
6.81317061979 10.3837957189
7.24722297485 10.0460633991
7.67243103572 9.71009651258
8.08633139323 9.34792177742
8.46823477323 9.00686274907
8.14402402588 9.44043282471
7.6876490411 9.74736233547
7.22342109899 10.0420136154
6.75240659702 10.293143482
6.25269706558 10.5017673076
5.71377677642 10.6046738733
5.16629103399 10.5816186211
4.65399329584 10.3842627939
4.13491214276 10.2029175225
3.63493215284 10.0396392344
3.11188872945 9.86961940862
2.58555085064 9.71014907207
2.05937808767 9.55017888704
1.54333805681 9.3844918855
1.03387406095 9.17844575462
0.634772190965 8.8219145105
0.480615576436 8.30875801105
0.483534385527 7.75894589851
0.501903586864 7.2097358186
0.667727061806 6.68964710215
1.05603932592 6.30776499355
1.56226706761 6.09674756374
2.0990795301 5.97830479552
2.63817774656 5.86937952665
3.16634317864 5.74789220865
3.69798576515 5.60818409525
4.21572331864 5.47934221278
4.70543187465 5.23105784591
5.17051631866 4.93764782447
5.64934068548 4.66704617361
6.12642240707 4.39343954168
6.58806039906 4.09473778124
7.05891207341 3.81050821539
7.52702832601 3.52178226318
7.99909043566 3.25557830715
8.47318068789 3.01002187466
