0.0269149536507 0.54609849713
-0.0680841815321 1.08750506604
-0.138999538839 1.63290329011
-0.217632745454 2.17724892031
-0.323327108792 2.71688362831
-0.449099716226 3.2440802911
-0.589698301116 3.76751396605
-0.674987140895 4.2610016073
-0.273575372162 4.61230164839
0.0606705343592 5.03892710813
0.387281707863 5.46138158013
0.636343794215 5.93012741778
0.566355394466 6.47423233461
0.484919008026 7.00991278619
0.45987688867 7.55910054179
0.487181334698 8.10770336268
0.627295532246 8.59304454368
0.614688283233 9.11393892332
0.478089057046 9.6333834594
0.347021577359 10.1444406469
0.334235881474 10.6598715427
0.0894083990617 11.1509361579
-0.185880902063 11.627022365
-0.476105496214 12.0847436143
-0.231024670949 12.5569998257
0.201516592507 12.8966355025
0.649656107472 13.2082527975
1.15484830608 13.3745628143
1.70174851809 13.4327523315
2.24959005532 13.479718795
2.78175460853 13.5739828051
3.29515205876 13.7178775706
3.84168589603 13.667288043
4.37958641418 13.5528646018
4.90675687591 13.3974282153
5.40419483723 13.2403801271
5.65474187319 12.7546920591
5.85069106284 12.2410582186
6.0692990559 11.7539817061
5.58672364218 11.9903468018
5.11057427692 12.2653882704
4.63745610478 12.5458423614
4.16582035496 12.8287215015
3.69579221157 13.0984399349
3.20483218601 13.3274685874
2.6762055516 13.4741083282
2.12809409625 13.5147626877
1.57865918696 13.4970753813
1.03650867818 13.4104311536
0.528126920316 13.2029982574
0.0485785758775 12.9337465344
-0.43390266363 12.6697291006
-0.935083900187 12.4445715562
-1.47133436579 12.328240258
-2.02070128014 12.3030790634
-2.55395035234 12.275102148
-3.10227235908 12.2339769343
-3.6383727436 12.3348417961
-4.09426259603 12.6382230972
-3.56782947731 12.5661355221
-3.06241053763 12.3588463094
-2.52014229325 12.2678234096
-1.97862231814 12.1721227242
-1.44166429296 12.053185732
-0.925340899446 11.8906653632
-0.474655616593 11.5791565996
-0.125876355196 11.1552711001
0.15684409451 10.6930489418
0.493245390432 10.2813703604
0.979827934772 10.0342125849
1.52313525494 9.95389553452
2.07144486858 9.91163112377
2.62117840886 9.91268816297
3.16786241307 9.97204044968
3.70086313037 10.063940769
4.21917222624 10.2476817721
4.72922048313 10.4043224375
5.25573491354 10.5328680166
5.80083248382 10.5974472234
6.33641493249 10.4853258288
6.83958308152 10.2641438741
7.31339660132 9.98509959562
7.78268549444 9.69858648139
8.23948632628 9.39232697453
8.69987826579 9.09151616343
8.36641054913 9.46505165847
7.87940280856 9.72027070447
7.40317646879 9.97900750272
6.91839013165 10.2213588694
6.43683534619 10.4517082906
5.91956997612 10.6040218266
5.38877684714 10.5997539008
4.8694035797 10.4218196378
4.36722493005 10.1977864133
3.85720674414 10.0145013364
3.35126483136 9.82055615468
2.8259631022 9.65971495268
2.29995060495 9.49996806633
1.77534970184 9.3348214818
1.25295053347 9.16341926671
0.753130744454 8.9344469112
0.269036109095 8.67345874318
-0.214971861566 8.41239750541
-0.709190900064 8.1710574179
-1.19706150358 7.91724051363
-1.69004693204 7.67357500604
-2.18322714631 7.43016517414
-2.67524360352 7.18451293924
-3.16028529281 6.94266167346
-3.6494211506 6.69127143537
-4.1642881746 6.52105073074
-3.6457760916 6.48218349277
-3.14524276283 6.6850404065
-2.60296015301 6.77418050731
-2.05328850588 6.78346453172
-1.50700228614 6.73035192149
-1.01962567721 6.47756314417
-0.52052986001 6.24681570974
-0.0185225404006 6.04299617577
0.502176014341 5.86592306047
1.03517742898 5.7365742994
1.5836002528 5.69506140256
2.12988447813 5.63154926913
2.66645860598 5.55523539466
3.20674121422 5.45379329796
3.73361762311 5.29727494038
4.28244279508 5.2995355662
4.83217196359 5.29419638288
5.33727005968 5.20184918693
5.76184177635 4.90479458668
6.097388788 4.46938254087
6.46691559892 4.06205383553
6.82802768105 3.6579871846
7.2874459694 3.35797658664
7.72076330376 3.02362507418
7.4244527019 2.61626865765
6.88408476442 2.71795304154
6.33550030563 2.74885363912
5.78605527208 2.72445748603
5.23763390737 2.68442909011
4.69292955762 2.6097890849
4.16047786456 2.50860844407
3.61556638095 2.43588469524
3.06693766068 2.39715844238
2.51738442613 2.37544495164
1.97080756323 2.31543795523
1.42699892331 2.23393165868
0.880271826021 2.17422686855
0.333278646597 2.11724590026
-0.208826270539 2.05229699
-0.7507090579 1.98595423222
-1.28653261784 1.90519909859
-1.81346519705 1.77885581039
-2.34100448681 1.65452830324
-2.86630054342 1.52120077953
-3.39662115204 1.37545810249
-3.92851538762 1.23550527604
-4.45207422069 1.08089105413
