0.268055702774 0.470973599201
0.402347054509 1.0040641053
0.581294427358 1.51563110321
0.785682356995 2.00853256278
0.863629694042 2.51667374098
0.576768689784 2.96651019831
0.295510681956 3.43829672026
0.107409654818 3.95481584415
-0.0764128560472 4.47311236882
-0.288564170372 4.9717632544
-0.516413030932 5.47234659202
-0.717458424844 5.93466351332
-0.918408182098 6.41821460625
-1.27513873768 6.82615297061
-1.61550950638 7.24794444467
-1.96673939317 7.67117619269
-2.29499930523 8.09225567711
-2.59478107799 8.49781554587
-2.87976312159 8.95777693562
-3.21574888623 9.38162723088
-3.4671399377 9.87065786276
-3.72048987634 10.3588271428
-3.96713626331 10.8414520619
-3.60008330541 11.2239024543
-3.11942692135 11.4742527116
-2.65191857685 11.7482966353
-2.1576372677 11.9893015637
-1.65372188484 12.2096001868
-1.1652761934 12.4124427576
-0.763064435075 12.740468005
-0.53160085006 12.2707565322
-0.414121092607 11.7418798042
-0.299888503795 11.2137259755
0.000338168778737 10.7635792774
0.402321677312 10.4002753084
0.861429885437 10.1009700702
1.36626302306 9.92836959303
1.89072082755 9.76293493001
2.37228617767 9.61408631583
2.92008775802 9.56884613341
3.46934597113 9.54037965153
4.01898200335 9.52043097881
4.53185028976 9.62144328556
4.72133244468 10.1263968076
4.89461210124 10.6479577291
5.09616149693 11.1510848954
5.30600542179 11.6551178578
5.53223406185 12.121856895
6.03083820913 12.3466699825
6.53103634437 12.5335444927
7.03890467164 12.7339566079
7.5368029816 12.9377540224
7.99897911936 13.1453466407
7.61888919083 12.7602096491
7.16712099194 12.46133029
6.71335136977 12.1506068519
6.25874302546 11.8555058171
5.80305011002 11.5475478747
5.34555180185 11.2423080986
4.89403870612 10.9424898987
4.43864967568 10.6341021328
3.98410362953 10.3390466265
3.49536625283 10.0874264245
2.9969407264 9.87460025155
2.48170938914 9.68221578352
1.96687530782 9.48874365491
1.46567992766 9.28244886594
0.961243357664 9.08426719515
0.472418000116 8.83307305985
-0.00266107087657 8.59366977664
-0.499152204224 8.35723039732
-0.990953689289 8.12967697935
-1.45026514985 7.86166760002
-1.92812335553 7.58949341115
-2.40084994508 7.3244154656
-2.88723995111 7.08904042644
-3.34969156578 6.8088627597
-3.67320467955 6.39644305526
-3.8214409438 5.87350880487
-3.79013491019 5.33511918258
-3.60177473864 4.85727080539
-3.79980912828 4.38491714373
-4.12655975923 3.95543380449
-4.37561028044 3.46514604921
-4.61975508355 2.99053936644
-4.86318389292 2.52079491261
-4.50875845828 2.12541229889
-3.96160680469 2.07039128705
-3.41393536558 2.02630942543
-2.86442014366 2.00403605247
-2.31569434871 1.96673185496
-1.76670779227 1.93352455134
-1.21739980233 1.9065192269
-0.66747897367 1.90529101155
-0.11785754334 1.92321502382
0.431966044831 1.91051494136
0.981767734041 1.89770991838
1.53166625636 1.89437720994
2.08141757023 1.87799373822
2.63135933721 1.87013432351
3.18134139992 1.87374824129
3.73122374493 1.88494032013
4.2810916125 1.89697437675
4.83096841866 1.88795787508
5.38064587662 1.86925981465
5.75357510326 2.21985372102
5.87286278301 2.75640100168
6.05955962604 3.25641607835
6.37647772396 3.66907027098
6.81760370617 3.99590403835
7.24449678352 4.34268118469
7.66558880409 4.68391945149
8.09347567165 5.02946964967
8.47926444726 5.36526087402
