-0.256956527512 0.433541070542
-0.745796189097 0.685571005267
-1.22411300584 0.940413927246
-1.6982204263 1.21891436849
-2.15757403969 1.52120056096
-2.58593319185 1.86612249899
-2.98518461725 2.18203422187
-2.61953012061 2.53302963572
-2.14752857668 2.81530734536
-1.66493997736 3.07902730118
-1.20936673234 3.38574933109
-0.816762447647 3.77039124997
-0.475403203548 4.201180731
-0.134366872872 4.61694351557
0.193581706334 4.9980948543
0.388986977673 4.53671817182
0.307350876002 4.00812775702
0.283575789128 3.45952409101
0.397697780243 2.92412255826
0.733806354401 2.50846130623
1.24936440778 2.33334259408
1.74642415961 2.27877663487
2.29595874023 2.2565365845
2.8456477974 2.23810497119
3.38913552978 2.18960747794
3.89180526084 2.07878582033
3.36768755644 2.166691791
2.81808805274 2.1517696268
2.26975735875 2.19003262454
1.72846178179 2.28568303377
1.23663758094 2.459087924
0.725542968473 2.61297357536
0.426503291087 3.05226447518
0.0354295885122 3.37065845348
-0.062355613899 3.91061675665
-0.222400435735 4.4366472676
-0.374469347861 4.96511463786
-0.611366660999 5.4606846841
-0.862554366847 5.94994949022
-1.15718725564 6.40409904962
-1.56771095791 6.76656391581
-2.08182113398 6.93764204593
-2.61825508977 6.97664087724
-3.10696030305 7.09319022544
-2.75794602849 7.47760765515
-2.27107676065 7.73337952511
-1.78441750556 7.97192875852
-1.3033088414 8.23822568181
-0.811433455288 8.48426232437
-0.346820906861 8.76210065223
0.0886612208204 9.0979358081
0.506115056992 9.44359589345
0.920363096599 9.78686799276
0.595048310999 9.39742454904
0.170936818928 9.07984937884
-0.274097948345 8.75675176052
-0.743142015256 8.47024232691
-1.22510337697 8.20531117469
-1.69873365175 7.92574415133
-2.17054481243 7.64309498716
-2.64795774371 7.37009497489
-3.12292652473 7.09279358865
-3.53731200205 6.78439540053
-3.83294092438 6.32595529942
-3.85955581885 5.78447913553
-3.72972737268 5.29055486235
-4.2213431918 5.45625462163
-4.02006342457 5.92053422186
-3.66021153759 6.31132183209
-3.32208519988 6.73898721753
-2.89657249213 7.08050789933
-2.42305358429 7.36013683777
-1.96577814524 7.66573596544
-1.48605708991 7.93438811703
-1.71848140838 8.39016228526
-2.26696050681 8.4036467065
-2.76028483367 8.61650166891
-3.07526482136 9.04947303031
-3.18720557742 9.58577878845
-3.24957823972 10.1322125506
-3.26303069661 10.6812295992
-3.1708672232 11.2214788593
-2.90483069276 11.6958222166
-2.40601546825 11.9008879666
-1.8570711593 11.9178957141
-1.30899701308 11.9549713205
-0.771333362021 11.8521694981
-0.31165029132 11.5586237758
0.0234719815278 11.1341720295
0.30513297498 10.666490373
0.658304385879 10.2617799472
1.15341824215 10.0426638351
1.70068160738 9.99032401639
2.25050799227 9.97817249342
2.80007459094 9.97073545795
3.33358524387 10.0595139218
3.8313778175 10.2898221
4.28290699698 10.6036287009
4.70956180147 10.9219411517
4.39699233997 11.341026966
4.2501655786 11.8535270177
4.01700235661 12.351295729
3.74595704927 12.8096691983
3.37386799281 13.2042905041
2.92069874239 13.4970475966
2.47980190124 13.7512792595
2.9584644388 13.5272841737
3.43969882532 13.2611352132
3.88793939129 12.9430559232
4.29582094343 12.5743131389
4.70046877508 12.2018263403
5.1008101625 11.8247197826
5.52058357263 11.4756697854
5.94519140024 11.1261337172
6.36791136121 10.7744705119
6.81815412927 10.458843695
7.2468514982 10.1337950486
7.66444557262 9.77626898784
8.06164875952 9.41994999944
8.45541269525 9.09585750881
8.09851889756 9.49035269871
7.62776537837 9.77471767487
7.16493206027 10.0566587855
6.69319269933 10.3150013392
6.19002845036 10.5132643531
5.6480353713 10.5873759445
5.1488429025 10.5512597629
4.61351183446 10.4280427325
4.1004191961 10.2301210213
3.58019114315 10.0518318274
3.06578079899 9.86918946002
2.54341401026 9.69712721266
2.02178410782 9.52282373463
1.50183609714 9.34353321273
0.999426776375 9.14140454916
0.584747529288 8.78993774628
0.40300861281 8.27605775969
0.374610836827 7.73498140419
0.350162545088 7.18581164264
0.540525600578 6.67809423524
0.929501032111 6.29467110149
1.42435420349 6.09093156491
1.91260677062 5.98312432699
2.44675745142 5.89398186681
2.99110952456 5.81671924
3.52063798405 5.68461265851
4.04609073052 5.52271148866
4.48157530059 5.23183226271
4.73070993602 4.75177005737
4.89764837747 4.24535224162
5.40037075386 4.17479640453
5.93382838427 4.04199153388
6.46299575788 3.8920928551
6.98452748134 3.74465375005
7.51930670501 3.6163506722
8.04598152302 3.49309803252
8.52081703516 3.2985919243
