0.0511755827197 0.504512571987
0.256132846913 0.996019831451
0.478209675642 1.49480076252
0.738091378804 1.97914061551
0.859212444136 2.49595601456
0.47112735238 2.81981724014
0.257572883298 3.27787875344
0.181490784503 3.82229961755
0.0790815356959 4.35860549738
0.243876378315 4.84930101768
0.520428523707 5.32344082457
0.728445936964 5.83248723521
0.873931675528 6.31665343335
0.583662201329 6.7430911491
0.415082159954 7.23935762502
0.432372366208 7.78860973954
0.478067056235 8.3366930454
0.596119919227 8.87203312015
0.793409906711 9.33392552739
0.815299165365 9.84545625053
0.505267471127 10.2996530896
0.222246227194 10.7712222368
-0.0373407643344 11.2560481214
-0.314625799512 11.7307004455
-0.623606352988 12.1662046654
-1.14517275629 12.1562031845
-1.6601563358 12.2816045219
-2.21000663563 12.2895155546
-2.72960120077 12.3473080613
-3.22890835861 12.2572942812
-3.71349506669 12.4977875101
-4.06406956774 12.8916362025
-4.29443670316 13.3668161209
-4.49109053736 12.8656563882
-4.46706687437 12.3162124146
-4.45524988356 11.7663426678
-4.44467545583 11.2164443304
-4.4341010281 10.666545993
-4.42194804131 10.1166825547
-4.40917782707 9.61684565964
-4.39060652929 9.06716692793
-4.37014146604 8.5175485501
-4.35316260173 8.01783691509
-4.29195539755 7.47196470275
-4.21712815828 6.94736415511
-4.32411271211 6.42656995926
-4.58309423767 5.99738565219
-4.59914758284 5.47190419782
-4.66960188825 4.92816651191
-4.69779896826 4.37923189811
-4.72684814425 3.83005815848
-4.75158978282 3.2806165121
-4.7509710296 2.73078975865
-4.7558261978 2.18084165029
-4.70502979681 1.6631989464
-4.77563541188 1.12365726864
-4.6379534406 0.63895129595
-4.0881346835 0.637895853659
-3.5382659131 0.637726712905
-2.98849873943 0.622191579672
-2.43850989243 0.621706662127
-1.88855929612 0.628379335731
-1.33856739706 0.626420709915
-0.788575190757 0.623725244671
-0.238594560536 0.628292866533
0.311384683931 0.633071009985
0.861373046595 0.63648076371
1.41136964394 0.637680015303
1.96136871424 0.636668745498
2.51133783098 0.638709866714
3.05641711467 0.705110617485
3.60010599852 0.783306791606
4.1499003174 0.776086150591
4.69032770953 0.807857962351
5.20334806031 0.916127755757
5.60253619556 1.22936574577
5.62751708912 1.73757393403
5.50451697509 2.25420423626
5.60169001942 2.77529203662
5.81181984556 3.24032728911
6.26496026799 3.48595216316
6.71084149944 3.80785602922
7.15537711262 4.11791753804
7.59860935663 4.4056380372
7.93214487931 4.8413277297
8.25141321186 5.27920789611
7.72844426125 5.32900675538
7.18319399233 5.3036621619
6.63344038526 5.29085746261
6.09173250094 5.27903052279
5.54233675338 5.2558447923
4.99239922566 5.26129457739
4.44863482508 5.30422630147
3.92823199724 5.46751045387
3.38415473803 5.54007195296
2.83864587771 5.60973269599
2.30819618104 5.71516854547
1.78808468633 5.86733791473
1.3286414627 6.15931711066
0.835120666193 6.26208916605
0.537085054589 6.67853752733
0.493266799825 7.22502173514
0.520931780614 7.7244273571
0.565277873605 8.27144208657
0.739131338035 8.77706977547
1.14715350196 9.13497713153
1.6214774582 9.38858231223
2.11926347783 9.62246772479
2.62351020062 9.84137461043
3.12674398531 10.0149974792
3.61965603348 10.2511227923
4.04624271545 10.5875145453
4.4286995145 10.9354707044
4.81257823993 11.2680182213
4.90827078982 11.8059862629
4.9713233012 12.3394870684
5.13686730834 12.8635131524
4.79378592162 13.2284293947
4.24447738433 13.253623525
3.69464018418 13.2638824007
3.18847741596 13.3076217068
3.67080682349 13.1040065866
4.09579255029 12.7552579568
4.49763766689 12.3975394808
4.90371515878 12.0325689442
5.31329219324 11.6655240937
5.73991937111 11.3185186746
6.15720471536 10.9602537884
6.59028868658 10.6212919801
7.00460389899 10.2596116556
7.3977085136 9.87556232361
7.67398810961 9.42956542024
8.1112678725 9.18130923238
8.63314573188 9.02272350536
