-0.0185662236287 0.511769460292
-0.25113906866 0.999221724935
-0.468706155834 1.50433406563
-0.702934236684 2.00191788018
-0.957737445503 2.48010348669
-1.22129673546 2.9054576595
-0.98979761601 3.35248378027
-0.702534784901 3.82121766031
-0.40487967309 4.28354499488
-0.0856475375866 4.73137640692
0.223253567174 5.18628935787
0.547587180855 5.62043368494
0.850669459247 6.05031314439
1.35528115695 6.17404147264
1.88843432803 6.04016046115
2.42666731897 5.92746460645
2.95945628011 5.8279873129
3.49601431664 5.70768582041
4.01498369005 5.52623347214
4.52652238232 5.32430519385
4.98917591389 5.11881890001
5.43575817706 4.82203696741
5.76628151984 4.4026336535
6.11594288286 3.97826610205
6.47354179827 3.59047783241
6.14923425177 4.02507248041
5.71773727534 4.36562351803
5.31501818938 4.71629491454
4.89882513433 5.07584023428
4.44773440735 5.37292750922
3.92461946555 5.53743943713
3.37811140426 5.59865433614
2.85107075367 5.70394178973
2.31795982628 5.81816829955
1.79782404566 5.96644907151
1.2862010626 6.16788725014
0.849706201504 6.48221721465
0.585842120125 6.96178915739
0.454458816923 7.49442662582
0.44640834435 8.04374108533
0.574264489236 8.56243815224
0.882744128139 9.01126660163
0.385373763405 8.79387718225
-0.156378457144 8.70155867591
-0.688626092886 8.56308547353
-1.22718436118 8.45210089923
-1.75545989231 8.33270943493
-2.29990447581 8.25509392166
-2.82772597555 8.10255842884
-3.3512180946 7.93397001694
-3.85929107859 7.76453846432
-3.99354385676 7.27149319621
-4.06573791952 6.72629852555
-4.12319895346 6.17931868134
-4.17605222547 5.6318708279
-4.23496988706 5.08512579683
-4.30716924464 4.5398924856
-4.37508696512 3.99411816389
-4.44707674747 3.44886401024
-4.51958507798 2.90370249116
-4.61529240617 2.36210357893
-4.71245155617 1.82075762127
-4.78734373938 1.27603963342
-4.84268530694 0.72905783294
-4.33263622973 0.731810411472
-3.92147633232 1.08490090595
-3.51332028916 1.45354185052
-3.11305804557 1.81299478691
-2.7092515999 2.18048003821
-2.30095828545 2.53689149105
-1.87818022548 2.88867692935
-1.46042756321 3.23382881096
-1.12077448359 3.66241842829
-0.925365396873 4.17583747483
-0.773450020809 4.70441790986
-0.62761702199 5.20977135104
-0.488821953165 5.73364527727
-0.327911111334 6.25112015672
-0.153260736571 6.76419226752
0.0405389615914 7.27027695493
0.25196567812 7.76931668748
0.459418900372 8.27828806743
0.689629434558 8.77567136256
1.09808747592 9.13807714407
1.56458470723 9.42932305728
2.06545712021 9.65537506416
2.59035719514 9.81913775625
3.1127731825 9.97786185052
3.61796377082 10.1613377662
4.08010103762 10.4565474381
4.49328685428 10.8195195614
4.11616011 10.4328140103
3.61808764115 10.2000299805
3.09707859325 10.0547402571
2.54931481415 10.0111362562
1.99946373335 10.0012510824
1.44980289515 9.98920450878
0.920686007737 10.0923892704
0.507516915967 10.4416189755
0.335100659456 10.9597518842
0.301682195065 11.5084026697
0.313551326566 12.0569210769
0.400454725851 12.5958312994
0.546924566809 13.1129365552
0.0525977841109 12.9662275044
-0.446370339303 12.754596511
-0.937423381154 12.5448347609
-1.46740467317 12.4027088012
-2.00264647565 12.3173948192
-2.55014064825 12.2693887414
-3.09929970464 12.240565481
-3.62564407953 12.3527408298
-4.04537980038 12.6819615455
-3.51957288025 12.5539266018
-2.99196582401 12.403255435
-2.444990677 12.3486957379
-1.89522407191 12.3380170112
-1.34610721959 12.3629945846
-0.812724408967 12.4920690636
-0.303942587531 12.7003845237
0.176636229189 12.9330430643
0.645451070445 13.2047846374
1.1492667724 13.4001615352
1.69487717658 13.4604967246
2.24468283366 13.4496066128
2.79401961924 13.4226200224
3.34368608024 13.4035211993
3.89341884064 13.3865265705
4.44325884055 13.3931067741
4.99315384068 13.389267742
5.54279426182 13.3694325421
6.09266862711 13.3576991407
6.64257573998 13.3476496281
7.19129761906 13.3719768881
7.73270260563 13.4679308692
8.17518503653 13.2214022731
8.19644271956 12.6719845979
8.25889898882 12.1258131947
8.34356227792 11.5825474653
8.41279192281 11.0369686182
8.51019096248 10.5039086607
8.62700955735 9.96649042564
8.7499860942 9.43047444467
