-0.0907095039492 0.531604254217
-0.299982438469 1.03926098663
-0.505426666268 1.54918640155
-0.738079619374 2.04753529328
-0.965275509981 2.53520671043
-1.20157928472 2.98239819219
-0.96164370608 3.43058303725
-0.670177310337 3.88711919332
-0.320507261055 4.31154669235
0.000982857079813 4.75767551693
0.325516273281 5.19175001267
0.637185207837 5.59235426631
0.589454328338 6.10876681732
0.236941114842 6.50423556061
-0.108524104925 6.91663162407
-0.443095205333 7.35308541255
-0.735231966111 7.75927731943
-0.543435334608 8.22531434705
-0.385169145458 8.75198394225
-0.245088933586 9.28355885061
-0.180738989262 9.82929848359
-0.174605460424 10.3792139164
-0.187936957492 10.9288434552
0.269558898706 10.6702591977
0.615011716478 10.2458856451
1.10751428008 10.0108220488
1.63602376118 9.89081253567
2.16726315072 9.74942255838
2.67454578817 9.58266960214
2.16590975768 9.76773012993
1.62424293174 9.86259354899
1.10414207094 9.98305384032
0.650254783656 10.2517420434
0.423982482163 10.7456225763
0.391221563652 11.2938020898
0.403602460897 11.8436308327
0.413012645678 12.3934594614
0.585386751336 12.9038932271
0.986663160107 13.2694146003
0.470479002048 13.2488500506
-0.0295894731811 13.0343983798
-0.48084797379 12.7200966585
-0.96535643565 12.4807764279
-1.50346902547 12.3739049938
-2.05302581516 12.3563563911
-2.60272980719 12.3721264085
-3.15099735537 12.4139168606
-3.68551332322 12.5388792552
-4.09757019608 12.2426143893
-4.13450824175 11.6943871595
-4.11601534416 11.1489449643
-4.17271350677 10.6019873703
-4.2188197348 10.0539712217
-4.23129747607 9.50415866269
-4.24209241654 8.95427466471
-4.24520385234 8.4043318763
-4.23810519651 7.8543817781
-4.2223783219 7.30465683665
-4.16312910282 6.77122045476
-3.64661350374 6.74262400605
-3.23103601033 7.08765461736
-2.70697846116 7.24099740953
-2.15750471975 7.26043570673
-1.6082415853 7.23432119346
-1.06498370983 7.18197212141
-0.52870252243 7.06078328004
0.00124948979304 6.91395375594
0.445915734855 6.59837776378
0.885864674923 6.27064075098
1.40134135439 6.08276950204
1.94523543385 6.00520322595
2.47923785234 5.88000423741
3.00264717188 5.71118387308
3.50910798249 5.49714220801
4.00618431188 5.26205679594
4.47701001823 5.04028643324
4.9768098157 4.95705026691
5.49694498042 4.89727045034
5.90962161461 4.6142312974
5.79880818196 4.11978695937
5.46268470857 3.69971683515
5.13851313571 3.28346541218
4.7876736517 2.86016300263
4.97462302583 3.34495461858
5.00593025219 3.89365036901
4.97501026744 4.44234012959
4.78890480003 4.95134635219
4.38473957227 5.31883109017
3.89629668555 5.53357621961
3.36373791558 5.63416461853
2.82145366709 5.72457887849
2.28193841084 5.83053336242
1.76366005556 5.9881787095
1.25980738198 6.1753779188
0.836232581014 6.51585036966
0.621656517072 7.00508599553
0.559424689569 7.50386193824
0.577352521273 8.05340083784
0.687503419874 8.59016159345
1.01274505791 9.02705945549
1.46992619501 9.31451478977
1.96497789224 9.53513700267
2.46372040129 9.74720166062
2.97207423469 9.91769423983
3.48996700715 10.0996903077
3.84949700133 10.5009709003
3.94638922602 11.0394602884
3.95727260622 11.5439824511
4.50432036122 11.5974442566
5.01832853512 11.7678954806
5.5436957257 11.9305363887
6.05681742012 12.0778103983
6.57714788271 12.2142369518
7.02404403872 12.510756362
7.44623738298 12.8176760922
7.73544772481 12.3758470869
7.80192712954 11.8308265932
7.92312881818 11.2944177511
8.07118185929 10.7647792892
8.23971616927 10.2415627622
8.46664574287 9.74081677643
