0.509121375763 0.167262982577
0.97125501086 0.45776770842
1.44746802333 0.724835122175
1.92142605765 0.995807444226
2.38684465428 1.28884380006
2.84322514471 1.59571446487
3.28572299779 1.89757750964
2.74806152151 1.9336661557
2.24899445795 2.15976001819
1.7220204188 2.28593837081
1.21232087611 2.48412743506
0.848487401017 2.89113521029
0.544163870694 3.34827423757
0.361488517748 3.86555825635
0.225931856383 4.39834290536
0.0739648294486 4.89943312652
-0.168625172552 4.41168421804
-0.575125175893 4.04124546654
-0.971436892556 3.65989377589
-1.39639076945 3.31175771458
-1.8642775131 3.0388620175
-2.3185495451 2.76174267075
-2.80534204123 2.50579718466
-3.2956518561 2.27548010493
-3.80122131371 2.0589628711
-4.26509228348 1.86203119742
-3.74107022935 2.02045745516
-3.25800278647 2.28283665913
-2.77662792188 2.54860656743
-2.28885409176 2.80264119215
-1.80637224048 3.04937378787
-1.36608329531 3.3405222474
-1.09808046419 3.80140861586
-0.966263032715 4.32672978448
-0.864060374567 4.86714188914
-0.764041388896 5.40790481831
-0.617679155164 5.93798603534
-0.497688593545 6.46651616911
-0.373443219798 6.99404810901
-0.239308664493 7.51916296666
-0.0807020172454 8.04574416518
0.103727591917 8.55537268367
0.312389675644 9.06414377087
0.505500518101 9.52959254378
0.186907252105 9.09302989497
-0.289033952476 8.83374852277
-0.791859407831 8.61238830496
-1.31821157497 8.48541859886
-1.8624835343 8.40719914279
-2.41005406111 8.42491673
-2.90153188955 8.64216132438
-3.27355404181 9.04531479996
-3.57802965847 9.4520487871
-3.1655720628 9.13662743585
-3.34430441031 9.62373305001
-3.32586770342 10.1733951378
-3.27184526161 10.7204280837
-3.09837724008 11.2397723449
-2.75787894112 11.6688697616
-2.33096454701 12.0149884566
-1.87374629107 12.3183420208
-1.33901998206 12.4381784379
-0.801019453106 12.5501475777
-0.293742160078 12.7610881616
0.187975872581 13.0094245867
0.670246282856 13.2653774098
0.492506774616 12.7885819984
0.380075383646 12.2646829476
0.381145978914 11.7146985806
0.355116382147 11.1654709066
0.399864533467 10.6214039533
0.734372048265 10.2000037096
1.25244355337 10.0239642859
1.7980879811 9.95818729814
2.34762973201 9.93673580992
2.89660309601 9.96430109517
3.43242787596 10.0811696055
3.89407920067 10.3597202273
4.2641016148 10.7306000192
4.70811707767 11.0517947224
5.18129248909 11.3230301786
5.63296910227 11.6297830758
6.04958325103 11.9125645256
6.48806837278 11.6669699756
6.83705526986 11.2420646666
7.20161146704 10.8410140723
7.57612926782 10.4492580941
7.95215813952 10.0479385851
8.31771926189 9.64779176846
8.69640851293 9.25587908909
8.30114921083 9.57858736986
7.83454928573 9.82335545618
7.3673457574 10.0680138476
6.87422791276 10.3115604261
6.37394181794 10.5191063035
5.83784820566 10.636460707
5.30124293265 10.5877380873
4.79235295735 10.3802230812
4.29005121554 10.1563081053
3.78818541477 9.97468084081
3.25329433861 9.84713949784
2.72248904921 9.73763732487
2.18644861991 9.61512389294
1.66452107534 9.44171510209
1.1540171612 9.26010861647
0.714071659824 8.95480731852
0.543959454502 8.43862985862
0.527608499949 7.88892284032
0.509363091955 7.33926109164
0.534521654857 6.79997241646
0.798552748317 6.32550199131
1.27581916593 6.07979360781
1.78884421557 5.93208294393
2.3298240967 5.83307548435
2.86045495992 5.72288815615
3.38534201945 5.57297854841
3.91576794882 5.44365916457
4.41384459647 5.26412135867
4.93423516731 5.16131699963
5.47997602378 5.15845718065
5.37135657724 4.64140265183
4.97260554005 4.31290363884
