-0.288488460352 0.443398448546
-0.774068301645 0.683419830108
-1.23432029845 0.969455799622
-1.69412426863 1.25511849327
-2.17237958134 1.50918136471
-2.62191873128 1.82506423906
-3.02010604294 2.15636214314
-2.65489181871 2.50813349193
-2.19155181788 2.80435790419
-1.73605153506 3.0980256081
-1.30730173821 3.42702702246
-1.01405677919 3.88940910009
-0.832880113652 4.40829891063
-0.664090928096 4.93160443722
-0.454017272633 5.43112206358
-0.154707854607 4.98431312401
-0.0329168407875 4.44819710519
0.105785289628 3.91601651428
0.263577821311 3.38941782807
0.481589457176 2.89050402745
0.859760950715 2.50237211494
1.37652469377 2.32762526347
1.92457427808 2.28535092148
2.47258452464 2.24234028083
3.01296843557 2.1406095419
3.54272995266 2.02624503101
4.05792722764 1.88603218756
4.36149767599 2.31717040005
4.68239191058 2.75385120203
4.91241291901 3.25016200054
4.96043725776 3.79618853767
4.93219205479 4.34537371545
4.88072720266 4.84869087144
4.45094815885 5.1468849973
3.98072705065 5.42110051093
3.47056063618 5.60411188063
2.96268550101 5.81468744655
2.43046531182 5.91356966237
1.88911886805 6.01006364567
1.34930072884 6.11171882525
0.864018813174 6.36595575566
0.536192745732 6.79967004064
0.424088377197 7.33552139567
0.428428847744 7.8852222476
0.476175407595 8.43304995462
0.607190045331 8.95739113174
0.862183903869 9.443940977
0.422636264427 9.17673854051
-0.0701638266662 8.93262143652
-0.55933213645 8.68125895333
-1.07649443201 8.49757119161
-1.60691217176 8.3633512318
-1.940719845 7.95127752197
-2.43255373641 7.73360743479
-2.98218970076 7.73222810093
-3.53198107308 7.74715677353
-4.04695052652 7.79379037618
-3.54259699867 7.88684191345
-2.99816355283 7.96479290052
-2.45189504592 8.02791190544
-1.90247522829 8.04716873908
-1.35369302926 8.0793510968
-0.811757804337 8.17118289864
-0.297649317257 8.34101986364
0.20518216529 8.54328848718
0.704872114085 8.74265364112
1.21130523521 8.94670836906
1.71579353549 9.16549460043
2.22573130068 9.32014548112
2.67481823047 9.63657748246
3.14070934466 9.92854960338
3.57658498232 10.2617155966
3.85947533522 10.7286435276
4.11895273301 11.1613005698
4.65412948288 11.092062756
5.17809535283 10.9253880956
5.68428226216 10.7431405706
6.1823987658 10.5445132729
6.63384887687 10.31439143
6.38226614834 10.7825640768
5.96074114806 11.1076030078
5.54239864325 11.458447517
5.21863524222 11.8786590683
4.93493812731 12.3474230252
4.58023224161 12.7569511718
4.14535239819 13.0905495462
3.64302059127 13.3138864296
3.1882058673 13.5359462276
2.71428180873 13.320767355
2.19039833812 13.4205789188
1.64708930696 13.4987092696
1.10135519738 13.437671153
0.577306227808 13.2758775
0.0989298872193 13.0051682454
-0.362634239621 12.7061447356
-0.854841324535 12.4801979237
-1.36857792601 12.2955782093
-1.89901164781 12.3256348566
-2.44854914321 12.309089597
-2.99743138898 12.3397538363
-3.51965129849 12.4754116938
-4.02940857914 12.6817116594
-4.54756588421 12.865824301
-5.07858589137 12.9690336959
-4.65015797851 13.3019128182
-4.26182976388 13.6569731353
