0.0310826114394 0.533996501475
-0.0394031861333 1.07935936653
-0.12758600902 1.62209650493
-0.230510068248 2.16237485825
-0.327324769316 2.70376907768
-0.447143253785 3.24050588926
-0.603790628064 3.75918039751
-0.766503379533 4.23957758117
-0.345023700261 3.89207294874
-0.0508434817266 3.43690755222
0.261593600285 2.99417296339
0.6355726134 2.60387759217
1.11919708574 2.34919519824
1.66234921674 2.27128832917
2.2119185386 2.25071344887
2.75082440881 2.1943645276
3.30043474628 2.18336966573
3.84886410337 2.14377982601
4.37030531537 2.12421505768
3.84948847944 2.17538794953
3.29961290399 2.17650364817
2.74981505052 2.19139698392
2.20006896986 2.20609493442
1.65421986708 2.27209031036
1.12579148242 2.39101308799
0.645331695465 2.63377052715
0.304368066104 3.06064583927
0.0579682269808 3.54305622952
-0.127595794949 4.06062417762
-0.318049753496 4.5765447541
-0.500862084991 5.09516427331
-0.706493186205 5.58794350018
-0.943277062905 6.08405197873
-1.23598535806 6.53982750242
-1.57975510795 6.96899590864
-1.91999045331 7.38055124272
-2.26171349534 7.80124101322
-1.73937599434 7.69780410874
-1.27701383969 7.41509422181
-0.806264864819 7.13068734812
-0.348725587203 6.84017806397
0.122417021598 6.57233342386
0.609300661954 6.31664476046
1.11898542415 6.13591649397
1.66012856379 6.03828675163
2.20082725439 5.93784860046
2.74130886367 5.83605887341
3.27580936208 5.70681374965
3.79596917544 5.52882404142
4.29170146147 5.32041894316
4.74834099806 5.02321001284
5.15527452474 4.66537880019
5.56325050627 4.29654622093
5.95684412246 3.9239266544
6.36886553372 3.55966652602
6.80278573976 3.23720317101
7.29202987159 2.98621836708
7.73085925405 2.69882422702
7.49945319827 3.15044168918
7.04147969321 3.43969484075
6.60539428448 3.76147212974
6.16358664667 4.07542331083
5.71852168769 4.39854013874
5.28016191983 4.73070632613
4.84762540063 5.05728721888
4.39192387002 5.3498658664
3.89846206034 5.5924258018
3.39257785105 5.80701410742
2.85606135012 5.92500628289
2.31532243503 6.02272057345
1.76853091104 6.07352130204
1.23076613977 6.13226107532
0.720895890919 6.31382654621
0.190197645637 6.45691602134
-0.315071799477 6.67238490295
-0.795751099622 6.93630856065
-1.17268946672 7.3360591166
-1.58906344412 7.68286328531
-2.01143555981 8.03512758898
-2.42884677684 8.38084603931
-2.82137495242 8.75353345874
-3.0894917831 9.2221347551
-3.25164180715 9.73453790304
-3.42442463743 10.2522010116
-3.60909073673 10.7617622568
-3.79750973228 11.2698321587
-4.02412899674 11.7577250216
-4.20021370195 11.2779891409
-4.22154248128 10.7284506619
-4.25263400078 10.1793378151
-4.28372558529 9.63022364008
-4.30040953584 9.0805058512
-4.32613479037 8.53120770925
-4.3891961481 7.98495930763
-4.41619193539 7.44363297202
-4.45075078835 6.89472810264
-4.50545003321 6.34748390145
-4.54441926195 5.79888383641
-4.58726837983 5.25062310264
-4.65483594363 4.70480040794
-4.72062615111 4.15876994449
-4.76630524567 3.61076775585
-4.81398284266 3.06286693136
-4.86491208334 2.51523958687
-4.93298850117 1.97434872637
-4.68831597034 2.41669550369
-4.55127579234 2.94923113889
-4.40587549768 3.46304701616
-4.24644846301 3.98928622802
-4.0836205627 4.51441279583
-3.96031604337 5.05012894667
-3.90810093491 5.59739864107
-3.83673838408 6.14188392703
-3.60224690516 6.6267628124
-3.24645657401 7.02084984366
-2.80176851072 7.34333749705
-2.32641737636 7.61919472147
-1.8345515769 7.86416202248
-1.36991675945 8.14315473647
-0.891192022021 8.41378351223
-0.468910901476 8.7628602254
-0.216249582092 9.23750044992
-0.106436046269 9.7760468336
-0.0180822280957 10.3188953956
0.0804305036504 10.851828831
0.160451603317 11.3958864048
0.219077853358 11.9427336714
0.269106456126 12.4903498304
0.43877653991 12.9874113397
0.495186221753 12.4820028262
0.419294721341 11.937325268
0.370260006679 11.3895566304
0.372488338247 10.848739021
0.578673357892 10.3452553887
1.03191802222 10.0499740789
1.57761268342 9.99784261992
2.12644972589 9.969253062
2.67509194081 9.93076937503
3.22441330625 9.90500316696
3.77390248744 9.88154719335
4.27384082906 9.85516830166
4.38676939013 10.3656494753
4.46553458991 10.9096204381
4.52867854861 11.4558750698
4.60341910833 12.0007130809
4.68910065941 12.5439906497
4.78998897354 13.0764565118
4.92579236984 13.5928290793
5.39930048242 13.3872382159
5.6981866314 12.9255504524
6.0067487604 12.4897878385
6.32531916635 12.0414551326
6.65580501637 11.6119546816
6.98196013084 11.1691203393
7.31408142846 10.7307864102
7.65882654689 10.3126213255
8.02745389168 9.9044445845
8.3806837017 9.53217513728
8.77090648218 9.21565166347
