0.0301172342557 0.546000337875
-0.0692330709129 1.08663773508
-0.148489732532 1.63088292355
-0.238018273135 2.16542995667
-0.324767190085 2.70853366642
-0.433057453582 3.24773207821
-0.558187709984 3.76648031689
-0.750944387717 4.24649127449
-0.376324289151 3.90478165533
-0.0830902489017 3.43967450836
0.240412970378 3.00538724041
0.632448416563 2.63255235615
1.10966454698 2.39985551375
1.65195989163 2.31540776877
2.20127805351 2.28823569303
2.75080204218 2.26600654769
3.30074317906 2.25808636078
3.80070053107 2.25155595711
4.32043469402 2.27381043664
3.82286944642 2.15961770673
3.27290964869 2.16400986125
2.77291000891 2.16340967278
2.22307517988 2.17222069167
1.67697562851 2.23592028317
1.14622696324 2.37604223069
0.682926125301 2.66613956901
0.282548056655 3.03829734698
0.10471919186 3.55363735687
0.0808888945946 4.10264201088
0.0769221788696 4.65260508194
0.0604327453627 5.20231209247
0.0708857929956 5.75218192217
0.095331047087 6.30161826213
0.122402469613 6.85087675104
0.212461093036 7.39281753438
0.307072338734 7.93460948562
0.404336516517 8.43438649309
0.535818648801 7.91423845123
0.469099210723 7.36857354794
0.525094745607 6.82579361475
0.849305967859 6.3898174914
1.34327436676 6.15516091776
1.88409868263 6.05899137854
2.43010093282 5.99321086187
2.97087153123 5.89320511405
3.50127030152 5.74862662806
4.02289503282 5.57427170324
4.54363690145 5.42450859096
5.08660760369 5.3391780625
5.63526803682 5.30126582651
6.18488806902 5.28090501598
6.73269647886 5.23461497775
7.27365956811 5.13596464065
7.76121427193 4.97737156998
7.24542687737 5.11879641674
6.7014545138 5.19747755974
6.15192451072 5.21645693703
5.6058457207 5.27883158567
5.06328334487 5.36778588717
4.52044013395 5.45090502021
3.98437833334 5.57253467499
3.4762578413 5.75162385433
2.95265680614 5.899268557
2.40745311904 5.97013177979
1.86635881798 6.06823901426
1.33480852211 6.17000111597
0.871743654329 6.45025331203
0.613258695099 6.92336105736
0.507106379488 7.46300473518
0.431110215429 8.00717291479
0.3947163521 8.55592529405
0.361909087742 9.10488439917
0.321226440121 9.65329875701
0.299561610752 10.2028186707
0.260242202638 10.7513560613
0.229324772946 11.3004499849
0.194730105301 11.8493207656
0.165497329572 12.3984518397
0.121346141205 12.9466750003
0.114715690556 12.4296645495
0.0984573620486 11.8799828459
0.0787199176756 11.330379121
0.0377527293244 10.7819248386
0.00476662782816 10.2329243009
-0.0488871732285 9.68559019409
-0.100977400779 9.14612819044
-0.168757461009 8.60032938641
-0.241964077477 8.05524560679
-0.339587414741 7.51409523837
-0.441843473226 6.97393386047
-0.536998636213 6.43223817518
-0.641014948602 5.90033785951
-0.737190604413 5.35891584992
-0.838453674661 4.81834347757
-0.963698752486 4.28288845887
-1.13164630064 3.76826957534
-1.47643824015 3.35006644314
-1.9937875159 3.17627837326
-2.54085181834 3.1208239306
-3.08748585676 3.06075801615
-3.62786666742 2.95896499071
-4.15726035114 2.81058425844
-4.65086059836 2.60729849502
-4.69599185837 3.12785894387
-4.55177770787 3.64994549983
-4.41385593723 4.18234642921
-4.25506544729 4.70886691675
-4.08745335401 5.22426778857
-3.90335421384 5.74251400614
-3.70235494332 6.23694449773
-3.39297671775 6.68870345243
-2.99141310947 7.03343998008
-2.52352999184 7.31440005438
-2.06714711108 7.62126705581
-1.629083211 7.92664244763
-1.18768996647 8.24118100459
-0.749934458166 8.54698296739
-0.339842827795 8.9103752111
-0.112454858839 9.40651371245
-0.0323135806028 9.95038008994
0.032104777696 10.4965304444
0.109261724931 11.0410638447
0.15682489412 11.5889585997
0.218516803271 12.1353523649
0.332956944091 12.6722443764
0.632217014096 13.1238050345
1.09760604691 13.363496553
1.63820295103 13.4598843891
2.18776811885 13.4758709724
2.73693174556 13.4492548626
3.2819983979 13.3791848987
3.82214369584 13.2759164531
4.35929310368 13.1583292003
4.45869682367 12.6515205839
4.48249225187 12.1027261443
4.4767858422 11.5649122793
4.53221586947 11.0582913034
4.20296465218 10.6264957913
3.77941444128 10.2767431041
3.27093502236 10.0750453167
2.72627523685 10.0045844883
2.18480644677 9.98116552831
1.63540285473 9.95992143879
1.09164680493 10.0322642509
0.609426092519 10.2890571781
0.240613182646 10.6941835286
-0.0627335747238 11.1529203945
-0.426291437524 11.5447594137
-0.923467552233 11.7561899641
-1.46629075067 11.8445455109
-2.01431765924 11.8879452144
-2.55542829469 11.8624725929
-3.10154049329 11.8000061871
-3.63475099523 11.6831216617
-4.15036967763 11.5300272541
-3.62477872735 11.4797785195
-3.09796403449 11.6376151081
-2.55996471482 11.7505350383
-2.0135576904 11.8126007254
-1.46520671935 11.8544478827
-0.9161157571 11.8427873601
-0.413847097696 11.6332637317
-0.048379927418 11.2251696896
0.238164787455 10.7655095311
0.552641247613 10.3168097187
1.02299038338 10.0594582509
1.56725031887 9.9898195535
2.11662977734 9.96372118688
2.66647286996 9.9630873692
3.21611683375 9.98150041766
3.76411998589 10.0257479997
4.30007337599 10.145220566
4.81886714469 10.3019240913
5.34340668962 10.438059345
5.88527427707 10.5268953358
6.41459135608 10.4500468059
6.91550727164 10.2337425481
7.41808316587 10.0106282098
7.93886699324 9.83527343949
8.423871842 9.68860658986
8.57147780184 9.20244851148
