-0.0726443355689 0.525905344778
-0.305056852184 1.01087031288
-0.509478044719 1.51714103066
-0.736956408901 2.00903011754
-0.97392092384 2.505309717
-1.23503722964 2.96189665693
-1.64550462147 2.64372206351
-2.1197870714 2.36571121029
-2.57148349304 2.05193848399
-3.02324118674 1.73825136757
-3.47779435983 1.4286459966
-3.92762931072 1.11219322548
-4.37349389059 0.790168294419
-4.80708080571 0.485447548869
-4.34658529328 0.760000854982
-3.93332722279 1.11579121473
-3.50099621608 1.44224098617
-3.08789088933 1.78038425451
-2.65511896298 2.11975094084
-2.23420080174 2.47376211671
-1.80667455691 2.81971576529
-1.38337999938 3.17063725379
-0.984413069287 3.51579161885
-0.574291726986 3.88188892288
-0.197032201729 4.28206794767
0.186089260852 4.67664996071
0.599562192324 5.02381865811
1.11879874449 5.18759267075
1.65272803896 5.31369303326
1.53159433351 5.81437635706
1.0747869898 6.09833207293
0.645606858468 6.44125708654
0.268854087992 6.84162491093
-0.0978229371957 7.25139990876
-0.429929664104 7.65392445884
-0.340490366753 8.17516469696
-0.290276500928 8.71480560717
-0.211355854656 9.25906955649
-0.155949258538 9.80611977452
-0.151488160985 10.3557690711
-0.150407780902 9.83066819316
-0.232396866883 9.28717466912
-0.495630393922 8.82723976801
-0.978472118314 8.57662856166
-1.52266345018 8.50171968161
-2.07250228894 8.49585391773
-2.61673452391 8.5702998979
-3.13965840711 8.73875593571
-3.64365550875 8.95884729324
-4.11750910403 9.2198880216
-3.62433240874 9.08818748391
-3.21549794139 9.39557882214
-3.2789755112 9.94183934758
-3.301863899 10.4910980125
-3.22518450815 11.0173099181
-2.90969939725 11.4552171089
-2.4512446524 11.7577607607
-2.01439444414 12.0115227455
-1.49087070168 12.1778962574
-0.979943757549 12.3587238489
-0.469541115977 12.5631897284
0.0183443735883 12.8168140701
0.48406696219 13.0938370456
0.93701660825 13.3470236169
0.576469030882 12.9599398054
0.341991527322 12.5036334055
0.363372870097 11.9542040926
0.378390948103 11.4044132406
0.410842112517 10.8557026149
0.605083523232 10.356820936
1.06334728808 10.0683009399
1.6079924973 10.0090715404
2.15788170069 10.0090195082
2.70748177348 9.99160466865
3.24439373929 10.0566405726
3.74771341859 10.2636180984
4.20957452097 10.5384495985
4.66039282766 10.8434700816
5.08607014815 11.1852358267
5.51000144117 11.5223741826
5.91257792096 11.8851520902
6.42071780714 11.7408539389
6.58733428569 11.2255372596
6.82649519668 10.730333207
7.08077264866 10.2427664326
6.62681627129 10.4590053202
6.08960355643 10.5765469889
5.54287902001 10.6252784665
5.00436219046 10.5174097359
4.4789904534 10.3740802764
3.99060523258 10.1408837599
3.47374161913 9.95327535516
2.95869840337 9.76039361452
2.43497455419 9.5931616901
1.90675725116 9.44007180992
1.38433327077 9.26850486682
0.899243013066 9.01397677509
0.574368450789 8.58198437816
0.524201258394 8.04262321235
0.577306195086 7.49548247197
0.618716742987 6.94953408366
0.861907381906 6.48231004889
1.32046604671 6.18859047027
1.85909054723 6.08199907943
2.39930284434 5.98056446343
2.93459570139 5.85458009389
3.4658189501 5.71247820105
3.96750230561 5.5098723335
4.42893796179 5.21319945192
4.80634033546 4.83065502785
5.30036332488 4.70822753992
5.83726998832 4.72443738387
6.3701144881 4.79850275653
6.01464823571 4.40389534512
5.51455751441 4.24150645941
5.4235511309 3.7095634465
5.3751766015 3.16180666761
5.37009921933 2.61193502382
5.39343437727 2.06244741309
5.42402450479 1.51330152346
5.45019926505 0.963932355119
5.49252092994 0.453333022347
