0.508836266009 0.167788477502
0.958734916398 0.462606329705
1.4282777176 0.716813354858
1.90637817789 0.988614726758
2.37808911675 1.27143358685
2.84284718721 1.56542233287
3.26217751287 1.86098006977
2.81299153062 2.15550820235
2.26613187187 2.21348524304
1.73101668802 2.29892291334
1.21396852435 2.45853549856
0.779770131599 2.78546760165
0.59518446754 3.29684939989
0.477642090871 3.83293463634
0.346670471396 4.36601424694
0.2648573985 4.87630796212
-0.110499646726 4.51866304604
-0.594848948811 4.27553631671
-1.01400759756 3.93875837683
-1.41705016713 3.56632557033
-1.85490908483 3.23473298361
-2.3641651155 3.02986971463
-2.86919176814 2.8388178027
-3.3368420599 2.56496533278
-3.82835637031 2.31826962349
-3.3100321517 2.48973833118
-2.8106993955 2.70049575553
-2.30881562338 2.9050548002
-1.80721121143 3.10894471763
-1.36856201049 3.42221407697
-1.08461315616 3.88032731328
-0.875264227772 4.38886628958
-0.724254840587 4.90898837262
-0.597156215557 5.4440855893
-0.474673816655 5.9802442071
-0.329056178701 6.49362116931
-0.164750846375 7.0100959864
-0.00958932161638 7.53769498864
0.179047812289 8.04572461301
0.375058682721 8.54069923395
0.592120878267 9.01979397997
0.112580727002 8.77725972031
-0.390857573288 8.5777674536
-0.935707577469 8.50787454895
-1.48458197093 8.47361518247
-2.03451539559 8.47533019454
-2.57949790804 8.53565261278
-3.03952366243 8.81287836145
-3.37728481317 9.22555977234
-2.94030789319 8.91218584711
-2.48251985765 8.62401861356
-1.94465265879 8.51755603518
-1.39535174686 8.5297473218
-0.853674658617 8.62162749393
-0.329555190076 8.78754709708
0.195323446716 8.94940289857
0.691008540772 9.14790212219
1.19692546554 9.34190652305
1.6991097813 9.54530879691
2.20686880175 9.73488569712
2.72684037966 9.91251236269
3.26578997754 10.0214302864
3.75616468672 10.2455457398
4.14214353297 10.623461928
3.75699907925 10.2415887387
3.23455878829 10.0746842664
2.687352041 10.0264385029
2.13780395735 10.0056701262
1.58790774929 9.99680643844
1.05589927003 10.0354099764
0.596095171232 10.2769659915
0.332417475188 10.7480426141
0.261545994429 11.2920421537
0.267243777695 11.8419383307
0.305485737867 12.3897593898
0.476664127572 12.9029231914
0.738288137528 13.3720560661
1.21540490615 13.5350391279
1.75581532611 13.4880110482
2.29728477552 13.5075445794
2.83625258573 13.460055106
3.34718918666 13.2616556729
3.80348478449 12.9775083731
4.21842317146 12.6238980289
4.58760477868 12.2274023563
4.98220623368 11.8558716854
5.37402274779 11.4813941764
5.78943570145 11.1210919967
6.21701392054 10.7751740162
6.63981376231 10.449159312
7.08316530647 10.1237726181
7.45613576359 9.72399923401
7.14927774407 10.1516612239
6.63817986991 10.3540083265
6.13192022763 10.5230055844
5.59566468961 10.5869464919
5.05786775349 10.4866212896
4.55376574684 10.2876739134
4.04106597709 10.1119483321
3.51666785721 9.94626284792
2.99549042141 9.77088951802
2.47046505165 9.60853759762
1.9368906583 9.47514568328
1.41228230418 9.31105117019
0.960128435192 9.01700924794
0.687502186145 8.55780700858
0.609916448252 8.0146098585
0.535281896338 7.46985593764
0.536695822408 6.9298575203
0.745993845776 6.44439718175
1.08199011557 6.00975062541
1.55959159491 5.75001215967
2.10097297085 5.65509851268
2.64630292481 5.58374184609
3.19116102327 5.5089439223
3.72228025593 5.40135347503
4.23100608792 5.22098885327
4.56073857536 4.81337548423
4.63690288842 4.28690801326
5.14435124701 4.15799541336
5.69380332077 4.13901710238
6.2427320159 4.1060505257
6.79126403038 4.06604307585
7.30828718037 4.03441576068
6.89946337897 4.39255706308
6.39354909889 4.60817518525
5.88058255167 4.80648506458
5.38352865519 5.04147641357
4.85979587778 5.20357320193
4.32746489775 5.34115376785
3.82340361536 5.53959541224
3.28312407481 5.63810378322
2.74225509283 5.73770061038
2.2042364719 5.84830594803
1.67943113822 6.0127388134
1.18089685753 6.22311300807
0.711588485573 6.50896648205
0.261402641795 6.82492408159
-0.186104052587 7.14465966675
-0.631569249938 7.45339890922
-1.08020340083 7.75747011657
-1.51863965871 8.08948017833
-1.95868515003 8.41264971538
-2.37427894367 8.76669698535
-2.76386995476 9.12896686944
-3.01727702598 9.60360814382
-3.14649761171 10.1292357402
-3.36899409048 10.623356062
-3.55390578571 11.1412278285
-3.73931889276 11.6504976556
-3.9315429156 12.1656850515
-4.07881868326 12.6872433828
-4.24228184507 13.2123194537
-4.4321128222 13.7199278872
