-0.321818956462 0.425105800589
-0.808341027883 0.681183810168
-1.27576936316 0.970929076235
-1.74947342566 1.25038056833
-2.2156631812 1.52651569638
-2.64385973323 1.85851285635
-3.05456160148 2.20473248901
-2.64892342955 2.57352671986
-2.18087256798 2.84682407014
-1.70649763243 3.12512968696
-1.26268257419 3.44641299445
-0.976900825553 3.90272288302
-0.753636275647 4.40533322223
-0.501382484035 4.89370360945
-0.200866482276 5.34954055001
-0.240542473575 5.88582803714
-0.637461572695 6.22797206373
-1.04536301021 6.56986756331
-1.52748264252 6.82885301159
-2.07098013228 6.90326442448
-2.62052693041 6.925061786
-3.11990105492 6.95007145969
-3.66944036917 6.97242927252
-3.22815583587 7.28871659251
-2.74659707944 7.53736683799
-2.25921431495 7.77446848878
-1.78203710508 8.03133640593
-1.29886017807 8.29406779046
-0.819120844835 8.56271433086
-0.401778439754 8.91788235523
-0.163433511369 9.39975991118
-0.0614396553181 9.93990574561
0.0138962748517 10.484557836
0.524962912389 10.4267727609
0.931915803068 10.0772450845
1.45909667039 9.92920813686
2.00757356441 9.89308161397
2.55750515921 9.8902747598
3.10616473017 9.9268008358
3.64954676393 10.0082369441
4.18468912729 10.1346806225
3.68523437541 9.99469045231
3.13568116797 9.97666347106
2.58612377982 9.95474025695
2.03623070302 9.94723313324
1.48629149171 9.94688267206
0.946437783193 10.0368019658
0.526620459827 10.3648885986
0.387781276375 10.8919841589
0.394860651713 11.4416591328
0.408465473225 11.991489734
0.434263558812 12.5407276862
0.645039585002 13.041097994
1.03035111798 13.3632665033
1.56714560382 13.4284997385
2.054078997 13.6058487128
2.59727954322 13.5366389749
3.11226017059 13.3458598275
3.57156950801 13.0665837602
4.01029041662 12.7416525261
4.43474435606 12.3984553651
4.8471433984 12.0406451515
5.26375276549 11.6815826395
5.66807038574 11.3327850533
6.09437979976 10.9853686292
6.52478697977 10.656148101
6.96155349475 10.3352507755
6.49354036145 10.5274309508
5.95694787709 10.6037713782
5.41605013965 10.6320097608
4.86846659654 10.5869910699
4.34587622146 10.4467335144
3.83233147802 10.2499916006
3.30200092072 10.106940496
2.75600750645 10.0438996753
2.21411314493 10.0345593405
1.6644220788 10.0161829143
1.11551300518 10.0343945281
0.636947201215 10.2400640512
0.343266143783 10.6849617162
0.0913565396388 11.1738449841
-0.218714993993 11.6261831913
-0.692043623474 11.8974615006
-1.22447588745 12.0296265761
-1.76574993333 12.1261849462
-2.29449852843 12.2451952505
-2.83446399986 12.3476106994
-3.37250467944 12.4121872976
-3.88614755493 12.5795238052
-4.13493106717 13.0587420839
-4.0828042248 12.556342183
-3.99455975777 12.021669242
-3.88712357826 11.4822782008
-3.76882827612 10.9533792949
-3.62805874436 10.4300165685
-3.46501382233 9.90475200869
-3.29574683132 9.3983068633
-3.09007347581 8.88877174641
-2.80035609123 8.4314984581
-2.46666529128 8.00650726374
-2.13429212971 7.56830832636
-1.79350925681 7.13661331263
-1.44666119759 6.72018332484
-1.13594620246 6.28657967272
-0.913151566011 5.79362768962
-0.746177659722 5.27381183076
-0.568253832746 4.77459465555
-0.382996476365 4.26528908219
-0.211228007037 3.7428103079
-0.00739944789877 3.24092308044
0.233943263464 2.74671341673
0.613585353804 2.41181754243
1.15766423499 2.34086088865
1.70755124244 2.33151298777
2.25661991448 2.30081582027
2.80619314808 2.28231679076
3.35615665798 2.280230918
3.85850095072 2.36314634227
4.34477756456 2.49408532544
4.85273128096 2.7041836377
5.35635778052 2.92513365688
5.84864118826 3.13173884571
6.31057854134 3.36602454806
6.75759368633 3.67911177448
7.17965564186 4.03171734484
7.58823228601 4.37546911577
8.00127449475 4.738642694
