0.464474342432 0.214146854195
0.937269369956 0.487056382598
1.41842972861 0.753460196534
1.90464557752 1.01051181376
2.37903189815 1.26409795398
2.83744809038 1.56064143752
3.27939190885 1.86586535694
2.77232361067 1.87994092427
2.24715468107 2.04281143281
1.72552677054 2.20311371408
1.19041986319 2.32913068213
0.709268756922 2.58542456031
0.401947995269 3.02426802902
0.244819698036 3.50057144485
0.0950501556827 4.02977258058
-0.0575716533211 4.55816618607
-0.499752471244 4.26528661666
-0.840679076244 3.84923190443
-1.19448598675 3.43938059993
-1.66194205467 3.15765809946
-2.19918151432 3.04524457918
-2.74281413054 2.96243194925
-3.28464776123 2.86914559932
-3.80819920258 2.70142372189
-3.8679122778 3.22548196811
-3.88331633178 3.77270943451
-3.87899221345 4.32251753351
-3.91568578998 4.87126538641
-3.93925948906 5.42066294832
-3.89630402158 5.96836179419
-3.76148281596 6.48843719523
-3.53633786182 6.98051550451
-3.27454055098 7.45830111449
-2.82271276222 7.6813805942
-2.3494056241 7.40222929751
-1.86460517841 7.16068032341
-1.35928226231 6.94380744987
-0.840734101053 6.76052000683
-0.313570255934 6.6045274444
0.213100066468 6.4609144115
0.724840952347 6.28276306508
1.24663393309 6.12789631086
1.79434311762 6.08051865922
2.33991237255 6.01421762671
2.88168501853 5.91947608719
3.42043658986 5.80949186661
3.9393218615 5.6532460223
3.41032758842 5.53762484732
2.89395477987 5.71706420025
2.40463140694 5.94548786834
1.86596160894 6.05170049031
1.32712174937 6.13318883052
0.875141036334 6.41851406096
0.594314566818 6.88143861159
0.484788709758 7.37704160085
0.441496192886 7.87541939764
0.37887497244 8.42177294912
0.282457374889 8.96292100951
0.200848232662 9.49468303287
0.100443327043 10.0354160509
-0.0141057111705 10.5733418228
-0.148118644687 10.0843042965
-0.1723761079 9.53498822073
-0.30682309295 9.01372533475
-0.69130796055 8.63134734134
-1.2077021788 8.45129100042
-1.75617175578 8.41720625323
-2.2951943989 8.45981383166
-2.7998155691 8.66929836739
-3.16049017714 9.06343475289
-3.39987397105 9.55787018397
-3.61445662267 10.0554951245
-3.84045159146 10.5568925438
-4.11355586253 11.0337470992
-4.38486268545 11.502867642
-3.90495846985 11.6608394891
-3.35529844912 11.6706478755
-2.80577858065 11.6796056944
-2.26654547475 11.7856439461
-1.72664543155 11.8328942484
-1.17850241371 11.8708208062
-0.654146585002 11.7320098524
-0.251469356047 11.3606169349
0.0573892480943 10.9055902005
0.353494129088 10.4425099923
0.773955366804 10.0961258962
1.28689756003 10.003508898
1.82840671147 10.0207868709
2.32803642271 9.99982523654
2.87740970653 10.0086911154
3.39201341502 10.1392086814
3.83142976576 10.4524458565
3.46031102111 10.0747392249
2.9176180743 10.0197448505
2.36826132208 10.0327372345
1.81939434737 10.0521580944
1.31562930432 9.98340581696
0.818803190449 10.1721489435
0.524865295554 10.5944505487
0.410104338121 11.0971872065
0.401235969241 11.6436587932
0.37888724494 12.1931874385
0.451352632421 12.7353382981
0.749076389036 13.1758393687
1.1854092907 13.4231085938
1.67584550616 13.5262750517
2.14902333657 13.6996630725
2.653510839 13.5909889877
3.12202291037 13.3031526532
3.56730884618 13.0094323088
3.95737216019 12.6942458599
4.34644631341 12.3057684082
4.7218031831 11.9037747113
5.10240737933 11.5236016812
5.50726138823 11.1514856077
5.93087868014 10.800708912
6.36605969302 10.499458908
6.8035778653 10.1755088061
7.30016221837 10.3154370957
7.65003685347 10.7396941502
8.00908228713 11.1240697504
8.34915534995 11.5019405617
7.83563013004 11.3397244515
7.31026075003 11.2263349313
6.79062978572 11.0463780542
6.25915830781 10.9051773849
5.73126849764 10.7657754447
5.22463887139 10.6284851388
4.71930083156 10.4119937518
4.21862506789 10.1945134175
3.70497367859 10.0095248378
3.18420012427 9.83264009378
2.65816001502 9.67230421394
2.12914856545 9.52184616938
1.60359081533 9.35989691571
1.10685958726 9.14518197865
0.713234394988 8.7696996955
0.539446695822 8.25296366437
0.497801200024 7.75393634562
0.419726039337 7.20967595458
0.494615300043 6.67317033209
0.839438932022 6.26675427398
1.34941271677 6.06922398243
1.88220988666 5.9970238535
2.18069495396 5.56085425976
2.69192685721 5.55292242435
3.21591999495 5.41904134134
3.76412971317 5.38881875221
4.30638009399 5.31731579948
4.80641703875 5.09857862821
5.28821461407 4.85043348925
5.78088509329 4.60597123526
6.28370046722 4.38337053891
6.80018178806 4.19451594853
7.31815159463 4.00960009605
7.8390998275 3.84680177217
