-0.0353444663333 0.516201976827
-0.154138729142 1.04429542264
-0.198045454581 1.58431005564
-0.28254555481 2.11965016984
-0.356273792955 2.66060514099
-0.473411131428 3.19380164949
-0.591033949385 3.73107551881
-0.718656134563 4.220262579
-0.44529824129 4.67368331827
-0.204218116275 5.15362356826
0.0729632382162 5.62863738035
0.421035167958 6.01192312784
0.960812370863 6.0208317098
1.50973996804 6.05474558497
1.99548581599 6.18776562812
2.49268095698 6.00697829535
2.98365525179 5.7686394715
3.48435781598 5.58438381884
4.01026278128 5.42436589072
4.46506766973 5.17564610969
4.84666350843 4.78522890578
4.54443117093 5.22062427988
4.02003946082 5.38089931269
3.47269784264 5.42981682318
2.92694668804 5.42100056932
2.377568189 5.39617225419
1.82759061281 5.39379479951
1.27887878225 5.36304068713
0.767570930275 5.18195421652
0.33481049659 4.85707393367
-0.0723176180653 4.48731273815
-0.494970999661 4.13543349316
-0.913359630791 3.78466424701
-1.35380978124 3.46359646474
-1.86995681644 3.28707628772
-2.36966027702 3.26353940026
-2.91945369876 3.27801486038
-3.4194170699 3.28408686956
-3.90999514869 3.40318010705
-3.39649517713 3.33139541527
-2.86524739974 3.19541019295
-2.31635481648 3.16329834138
-1.77785812948 3.20735122799
-1.29814602413 3.44763762439
-0.994713497372 3.8990138797
-0.896833771397 4.43443588487
-0.840014913354 4.98148076385
-0.782045736481 5.52839335425
-0.728644170782 6.07176602735
-0.676257966389 6.61522428847
-0.600947482897 7.16000311338
-0.513541950834 7.6948817729
-0.418272892155 8.23650026804
-0.282899230175 8.74873820305
-0.158497070904 9.2837344094
-0.0893401005378 9.82935170551
-0.0184581700646 10.3626358211
0.076846841368 10.881012893
-0.183487124537 11.3621053194
-0.508348083054 11.7514013923
-0.918700647966 12.0534698297
-1.42741496482 12.0578495089
-1.86178642407 11.7891507182
-2.40683440939 11.7192696943
-2.93101763221 11.5589012817
-3.38348401246 11.2701151686
-3.78549809153 10.9537408153
-3.80781230613 10.4130736326
-3.37264975351 10.6657269097
-3.20085810821 11.1870461569
-2.87559220693 11.6252482296
-2.41394310176 11.9214871423
-1.92146735485 12.1376239577
-1.40128179068 12.3156653775
-0.884755419292 12.5034597605
-0.397955966146 12.758558741
0.0869851685917 13.008829497
0.561365227202 13.2360546699
1.07672173123 13.4232356163
1.60959132741 13.4317781095
2.1458105675 13.5426604616
2.66755648971 13.697974264
3.18630264759 13.8528007489
3.61456334169 13.5803358496
3.72704462379 13.050395112
3.88772894153 12.5328506991
4.23280011308 12.1337423965
4.78015584742 12.0803943479
5.30970254614 11.9702240549
5.82310955574 11.7731913492
6.34196603592 11.5908638308
6.84673927778 11.4221851615
7.20737141252 11.0282492311
7.53477615168 10.5980319234
7.9499600247 10.3097982768
8.38822708205 9.99202865306
