0.233346966333 0.468691930818
0.379236951292 0.990546676743
0.560104831836 1.5014110325
0.788773195785 2.00067732287
1.24852822308 2.21545611073
1.79733536232 2.17937973033
2.34707384615 2.16338528356
2.89702417746 2.15644059466
3.41400976089 2.16683571349
3.95454597924 2.14870718869
4.50453407488 2.14828858869
5.04647870278 2.15313847154
5.58144894061 2.2591654475
5.86552357965 2.69397618917
6.10929552016 3.18696325845
6.379952266 3.64966347229
6.83405598281 3.93402024905
7.28704030608 4.24573333163
7.73308050176 4.56748742389
8.15144116482 4.89020456178
7.76290661534 5.22343856612
7.21329188687 5.24310983795
6.66352501822 5.25814564718
6.11352739597 5.25928934808
5.57202560167 5.2736082798
5.0257229414 5.33416997341
4.47813333094 5.38164387663
3.93542019319 5.47081159754
3.39103001919 5.54873590783
2.88336392777 5.64850042562
2.41510565558 5.87791856333
1.87556796818 5.9844489774
1.33313856932 6.07314505442
0.789360817296 6.15544969966
0.242993865171 6.21834862046
-0.301479120538 6.29596687267
-0.70849459257 6.61601440713
-1.14169768013 6.94608262411
-1.55953980973 7.30335810078
-1.95599592596 7.65870489742
-2.33339046179 7.99814055572
-2.44721642089 7.49518728297
-2.78767665112 7.06345138099
-3.30519790067 6.9300790402
-3.70732623844 6.58533551465
-3.93094951875 6.08779297482
-4.13714252082 5.59957279578
-4.35831002666 5.10478133943
-4.58711779618 4.61351995293
-4.84397326101 4.13755833112
-4.68342029286 3.62956235746
-4.73497339603 3.08247819478
-4.76127009594 2.53322049437
-4.76915027422 1.98727736208
-4.69915035147 2.49396423221
-4.71262237799 3.04277399124
-4.72823070737 3.59227334869
-4.71124049971 4.14194766654
-4.72561153426 4.69174808026
-4.73479185877 5.24165544017
-4.76931669622 5.79053943868
-4.78901885648 6.34015930547
-4.81282175723 6.88959075999
-4.80821355669 7.4395536451
-4.78655824075 7.98912336872
-4.77005861707 8.53883839698
-4.75229636028 9.08852235999
-4.72738224688 9.63792285737
-4.68187902666 10.1860307637
-4.62750954289 10.7252858822
-4.57047805519 11.2723153188
-4.49024177047 11.7976812602
-4.03278177868 12.0140605888
-3.48900248801 12.095952382
-2.94914552263 12.2001262007
-2.40617005089 12.2844514132
-1.8566590134 12.3067588581
-1.31073597482 12.3715163417
-0.779585879368 12.5087695508
-0.296601374769 12.7542131041
0.215090066338 12.8950487907
-0.14327934319 13.2646799499
0.280386214166 13.5710949664
0.829134105135 13.5371985943
1.37819147883 13.5062365889
1.92644345871 13.4655059119
2.47515546183 13.4441704285
2.98793426233 13.3273319702
3.46415556109 13.154971579
3.93356882054 12.9771122039
4.30908624382 12.593266065
4.66992758423 12.1784921808
5.05079106679 11.7817068513
5.43096089775 11.4011292731
5.8783241118 11.163872387
6.41874118132 11.0617222308
6.95430332855 10.936932757
7.48275246194 10.7846333418
7.87704041903 10.4715283253
7.92119290762 9.93576069953
8.02136092828 9.43932115948
