-0.0270307946475 0.537142490903
-0.27022999504 1.03027777482
-0.492033247477 1.53356817961
-0.727703941311 2.0259920572
-0.96086714179 2.50461550806
-1.20264094982 2.95525695915
-0.946698574792 3.41794581571
-0.655131431498 3.87477523801
-0.328944492829 4.31746448766
0.0127894303976 4.74326949625
0.347940755416 5.17931847306
0.676806031725 5.56873670082
0.602580616477 6.09595261733
0.353883391655 6.58151445446
0.120351551162 7.07941684947
-0.133201786679 7.56746970686
-0.678352273305 7.56277444539
-1.22529312865 7.61309838673
-1.77522657769 7.60799622886
-2.32498103479 7.62415002699
-2.85559057014 7.67325211111
-2.42434206831 8.00152079408
-1.91425909253 8.20715525385
-1.38999117203 8.37271905341
-0.851854236775 8.48387088318
-0.333596529915 8.66086214583
0.152884614709 8.88070949748
0.660872376152 9.09151429227
1.16158660052 9.28806428435
1.68731958755 9.43466532128
2.20589126361 9.61740957653
2.72870130966 9.7879210314
2.19579990502 9.90838901703
1.64644603267 9.93420723977
1.10121171393 10.0010451706
0.629583388514 10.2669491063
0.409391920023 10.7586205418
0.350971406318 11.3053755831
0.308465116062 11.8537204076
0.252646716712 12.4008480449
0.189686464256 12.9140234701
-0.268407222451 12.641274552
-0.791508708072 12.5164876243
-1.32776277376 12.3950788523
-1.87490293692 12.3431768202
-2.42482385154 12.3358062439
-2.97428542471 12.3118278073
-3.47816023827 12.3491800625
-3.55725796834 11.8322933573
-3.60201438913 11.2841357489
-3.64246663488 10.7356655667
-3.67325652614 10.186554227
-3.70866945947 9.63772164308
-3.74187512261 9.08877010487
-3.7790738973 8.54005021735
-3.82047233801 7.9916306818
-3.84726746775 7.44231889284
-3.88667198131 6.89374428616
-3.91840771813 6.34468778799
-3.88636519483 5.79686078239
-3.76634127377 5.29394895984
-3.77255468733 4.79002612687
-3.83322945066 4.24421337798
-3.78550297639 3.70085918638
-3.46662941916 3.26350932287
-2.96438370626 3.04613150683
-2.42611917537 2.93349035976
-1.88931558642 2.81387440483
-1.3475908151 2.72176652116
-0.802338952959 2.64987148742
-0.260060834103 2.55841440403
0.27861488543 2.44782406083
0.806423772933 2.29364102433
1.33679349326 2.14966174389
1.87266876015 2.06875903555
2.40914629009 1.94798325183
2.9478534561 1.83717085388
3.48112158438 1.74097167394
4.01197791278 1.61330248336
3.50560475321 1.79115609824
2.96465404682 1.88915475926
2.44807179589 2.05286310578
2.97681236189 2.14183991599
3.48598970011 2.34691152627
4.02366087213 2.46103063302
4.53410713317 2.62273226835
4.8197099527 3.06290045062
4.75833154823 3.57871896732
4.92290936033 4.08172322611
5.00469925662 4.62549895355
5.19848027191 5.12575904154
4.80109917581 5.45934074115
4.25459169569 5.51502864536
3.71536110633 5.59962980512
3.22584792172 5.82683127765
2.70383376515 5.96609613642
2.16159772051 6.05724022852
1.6166070634 6.12944588127
1.09486223642 6.24913811542
0.68564892103 6.5919816776
0.519594385027 7.11087834329
0.499768906947 7.66015230327
0.518571266499 8.2095636248
0.680511594846 8.73085079395
1.04962681318 9.13249336117
1.52452902996 9.39214551436
2.03121851049 9.59552441845
2.52312134185 9.82289825951
3.04050117523 10.0085541976
3.51725689706 10.204507099
3.85612104647 10.6160891691
3.90313442456 11.1575338143
3.77767216653 11.6843483734
4.16465949636 12.051776737
4.66986505582 12.2357734981
5.18314292662 12.4311848433
5.61252311786 12.7727455124
6.12087637017 12.9534279654
6.66984849439 12.9203928928
7.2147211752 12.8854596031
7.69618492567 12.7068217295
7.98254349161 12.2520834211
8.28402149789 11.8065545409
8.60040049715 11.3765024272
8.83212816632 10.9288878633
8.84179462166 10.3794157167
8.83652539656 9.82957105697
8.95734801255 9.30885054236
