0.253943530776 0.443641615954
0.372432466116 0.972161311889
0.555746895628 1.48201131085
0.798705250375 1.97501868817
0.868286056566 2.47687807392
0.516848964748 2.89924850699
0.260698944057 3.37592957999
0.0567216737889 3.88666086185
-0.147160401213 4.38881885767
-0.362911058471 4.88599790368
-0.463627296693 5.41058933131
-0.654754058361 5.89908402509
-0.94173423603 6.35876217759
-1.23636340829 6.81342482902
-1.58957164293 7.23462165305
-1.9628669507 7.62756361756
-2.34654364531 8.01034004039
-2.67548369786 8.38735599989
-2.81028364549 8.87171752992
-3.15976908571 9.2910585824
-3.44635471915 9.75529642826
-3.70884137345 10.2294583994
-3.98356295753 10.6966498635
-3.86627396186 11.2048445433
-3.36894172844 11.4395741446
-2.86233800957 11.6419690304
-2.36337948084 11.8428932947
-1.88864292419 12.020408823
-1.39277049243 12.2387574961
-0.908226057946 12.4390164395
-0.434492432413 12.657949284
-0.35803120666 13.1598613242
-0.0471706054806 13.5584482961
0.502737986233 13.5491018774
1.05266902493 13.5409131668
1.60263132966 13.5345136599
2.15263092632 13.5345350567
2.70263087742 13.5347669792
3.25263082852 13.5349989018
3.80263077963 13.5352308244
4.25856486204 13.3264767917
4.30942622071 12.7872109364
4.42132638817 12.2502256925
4.59035927237 11.7780591485
4.3690211498 11.2874984909
4.10006981386 10.8077599491
3.76198944827 10.3766226054
3.33351179153 10.0528570247
2.80727794062 10.0668922
3.33664235731 9.93928841443
3.86665838767 10.0468417161
4.35476365309 10.2587564318
4.86029997122 10.4533429446
5.37230566706 10.6011375332
5.91824104388 10.5520234094
6.425105844 10.3755731166
6.88121434461 10.1292687136
7.3361789136 9.82484217505
7.82372348003 9.9486488889
7.96156448897 10.4727427943
8.12726706074 10.9971394445
8.29147413695 11.5220434804
8.45386667803 12.0474929138
8.62037914614 12.5716576475
8.76272280798 13.1027852915
8.91348644115 13.6205133444
8.49332087598 13.3411573585
8.03640083653 13.0498696795
7.57773664218 12.7463569137
7.13311218269 12.4365944169
6.68407499731 12.1190074107
6.23124191561 11.8068580296
5.76558930124 11.5143687675
5.30672325017 11.2260386864
4.83956998299 10.9358379992
4.38826227871 10.6215437538
3.93441410299 10.3109950945
3.46382685952 10.0424866885
2.96800517611 9.80447701712
2.46655956637 9.59888381554
1.95524592239 9.39636737478
1.43650529582 9.21365992103
0.969076454987 8.94640205126
0.686700784387 8.4818302101
0.584314526597 7.9417640094
0.501326400533 7.40651792125
0.545213644503 6.86130932038
0.814608428233 6.39831827382
1.29369058191 6.15617596072
1.83664658703 6.07075374463
2.37808029304 5.97437920842
2.91567133458 5.85827253802
3.4462475657 5.7140893896
3.95255659987 5.54449093692
4.45025735167 5.33359009968
4.76645557541 4.89667527309
5.15725073222 4.58368491987
5.61971297732 4.28614786794
6.08713967507 3.99630606423
6.55876496971 3.71351994712
7.03600242939 3.44013207635
7.50057162661 3.22457044725
8.00520423667 3.02748978673
8.46930380316 2.84048118546
7.93921814925 2.86587210644
7.39149465093 2.81685085385
6.84213449193 2.79080419017
6.29410483179 2.7445767248
5.74480745863 2.71702556998
5.19717290445 2.67025333528
4.6499469577 2.61527071926
4.10208283319 2.56710004066
3.5532726132 2.5311025535
3.00402247503 2.50246018166
2.45959928036 2.43542198481
1.92523144915 2.34672364662
1.37616194078 2.32167126214
0.826527844023 2.31680955656
0.278120496778 2.27683055959
-0.27182393472 2.27270172566
-0.821803593833 2.26983569286
-1.3712047271 2.282111272
-1.92058875019 2.29112853918
-2.47041541434 2.29910303412
-3.01982704441 2.29203325716
-3.56963430151 2.27895882677
-4.08375213887 2.29227352541
