-0.292746662341 0.405431345723
-0.772830575147 0.656609995341
-1.23763672087 0.950517744366
-1.70894922809 1.23395862354
-2.17459088791 1.5266598171
-2.62503358022 1.84198772725
-3.01165895751 2.15931284956
-2.6270255473 2.51634436645
-2.17563969957 2.81636197466
-1.71447351092 3.11603111244
-1.29504760209 3.46806887722
-1.06838317784 3.965205063
-0.97607420912 4.49045601218
-1.0476314036 5.02330361481
-1.3217197993 5.47226548916
-0.943664207524 5.09944177485
-0.680585054104 4.62603397486
-0.43174413162 4.1355649227
-0.160956143653 3.66150154769
0.134895346792 3.20266906336
0.458445414811 2.77877136061
0.896233325344 2.47886382344
1.42888199582 2.35001577521
1.97702540989 2.30509817532
2.52579817766 2.26878869382
3.07408927671 2.22628789255
3.61805249211 2.14604905584
4.11268691279 2.05149196952
3.59346740759 2.17250961956
3.04379261791 2.17793316462
2.49457363566 2.20681828678
1.94473462938 2.19501632573
1.39564473233 2.21992464784
0.907703232438 2.40423131866
0.677355084042 2.894960828
0.636881555736 3.44256922431
0.634044468072 3.98440443149
0.577512986276 4.53081918162
0.771138024573 5.03346060114
1.21063413192 5.34150018432
1.73603411173 5.50144389639
2.27740309905 5.57164936569
2.81748241319 5.65130270573
3.35767919628 5.73003641724
3.88119077701 5.81477690098
4.37568713471 5.59396608685
4.89191750767 5.40739502627
5.42839040957 5.28629276539
5.95689515223 5.17163404004
6.453282792 4.93549466939
6.9547428362 4.71068110762
7.50153990801 4.68772819267
8.02770312216 4.6520675799
7.56604418374 4.89284107091
7.02851173629 5.00734850839
6.4978540244 5.06673604906
5.95464823781 5.15276674359
5.41112404027 5.23618381452
4.86444496638 5.29613299906
4.3267528056 5.40895923721
3.78673534954 5.51044920102
3.26350846364 5.67673961338
2.71912005129 5.74975020546
2.18347504248 5.82647471385
1.66035070592 5.96791820377
1.16141997991 6.17825765946
0.735852006489 6.50706628412
0.512945024852 7.00396602408
0.422364048244 7.54629398374
0.384863937582 8.0947360599
0.402638015604 8.63596428823
0.490470347054 9.17871796076
0.663094680809 9.64816608178
1.18962607658 9.63115629626
1.73749684444 9.58394817724
2.2848040913 9.52971009559
2.82864928046 9.44886056625
3.35378904583 9.33243287736
2.89797386437 9.58901151426
2.39114303414 9.79891445633
1.85570016172 9.92370503303
1.31062478654 9.99666149964
0.788680937186 10.1617635162
0.446247746184 10.5683918535
0.34397823277 11.1064521124
0.357846400157 11.6559031601
0.383229710475 12.2053102725
0.470101805547 12.7385198298
0.724104099946 13.1860603168
0.313378855422 12.890127816
-0.212556710679 12.7315958539
-0.724569005276 12.5542217674
-1.25529323461 12.4103286472
-1.80090008396 12.3462173147
-2.34956488389 12.3092348641
-2.89936888835 12.3195440542
-3.44478578258 12.3877442575
-3.61784891492 11.9089600046
-3.66920473175 11.3614177212
-3.69420981454 10.8120063528
-3.7359164385 10.2636521917
-3.77415841353 9.71505462716
-3.79748032854 9.16558331104
-3.81827854614 8.61599905102
-3.82729232342 8.06609951396
-3.80841725697 7.51646438898
-3.82773392366 6.96722741843
-3.85130728591 6.42587419687
-3.82799248765 5.87883406013
-3.67916262462 6.37275129437
-3.33205147974 6.79387121574
-2.87690587477 7.1016443153
-2.40148616819 7.36140571562
-1.92560078584 7.63712060221
-1.44714373156 7.90836456054
-0.962599759312 8.16842210766
-0.466689847157 8.38692134048
0.0133141743436 8.63847493103
0.485997210771 8.88684552691
0.964603073081 9.12268453924
1.46475522296 9.33148686045
1.96362602907 9.54333588439
2.47183949255 9.75360192286
2.9955312792 9.91969621879
3.52391697037 10.0710556007
4.01413938742 10.2916149995
4.48433022849 10.5686269836
4.95490247271 10.8533061713
5.42564721382 11.1377206369
5.8913398102 11.4298981855
6.34391673863 11.742292292
6.78468450055 12.0408279207
7.23844686579 12.3031032746
7.61339042163 12.705102209
7.98146724277 13.1137735879
8.32347802722 13.5006535974
